3.794999999999999929e+00 8.812416371545573604e-04
4.142000000000000348e+00 4.039024170291721371e-04
4.272000000000000242e+00 2.423414502175032931e-03
4.285999999999999588e+00 2.203104092886393542e-02
4.620000000000000107e+00 1.395299258828049289e-02
4.649000000000000021e+00 2.056230486693967716e-03
4.716999999999999638e+00 3.414811343973910354e-03
4.780999999999999694e+00 1.762483274309114829e-04
4.934000000000000163e+00 4.369489784224680692e-03
5.280999999999999694e+00 1.982793683597754413e-03
5.541999999999999815e+00 5.507760232215983638e-04
5.552999999999999936e+00 8.078048340583442741e-04
3.026999999999999957e+01 1.472407902079072972e-05
3.062500000000000000e+01 1.281472214028918921e-01
3.097299999999999898e+01 2.368336899852873101e-01
3.492000000000000171e+01 2.199432252731583007e-02
3.498700000000000188e+01 4.259334579580360824e-02
3.525200000000000244e+01 4.516363390417106648e-04
3.581799999999999784e+01 1.314518775422214916e-02
3.590699999999999648e+01 2.717161714559885276e-03
5.316100000000000136e+01 8.074376500428631989e-03
7.961390000000000100e+01 9.620221205603919287e-03
8.099710000000000321e+01 1.250628756728509594e-01
1.606129999999999995e+02 2.368336899852873170e-03
2.232340000000000089e+02 1.652328069664795200e-03
2.763980000000000246e+02 2.630506286906353700e-02
3.028530000000000086e+02 6.730483003767931405e-02
3.560169999999999959e+02 2.278376816060011800e-01
3.838509999999999991e+02 3.282625098400726582e-02
