1.000000000000000021e-03 5.927809776771003625e-01
1.200000000000000112e-03 1.186561246175319440e-01
1.500000000000000465e-03 9.552402550538471870e-02
1.800000000000000818e-03 5.895167060641882256e-02
2.100000000000001171e-03 2.498501306004099684e-02
2.400000000000001091e-03 3.350062249992016850e-02
2.700000000000001444e-03 1.371851995357461357e-02
3.000000000000001797e-03 1.243744868605868754e-02
3.300000000000002150e-03 9.197103603789178253e-03
3.600000000000002504e-03 6.623537741098081862e-03
3.900000000000002857e-03 8.335241849612751858e-03
4.200000000000003210e-03 3.974585615286911795e-03
4.500000000000003997e-03 3.571742552198181424e-03
4.700000000000002787e-03 2.825550388273969857e-03
5.000000000000003574e-03 2.182223367604191940e-03
5.300000000000004360e-03 1.768550843367745025e-03
5.600000000000004280e-03 1.430368265356152854e-03
5.900000000000004199e-03 1.155913913007433061e-03
6.200000000000004986e-03 9.322078298183069517e-04
6.500000000000005773e-03 2.873240243041864407e-03
6.800000000000005693e-03 6.135681087370554836e-04
7.100000000000004745e-03 4.928245211359471092e-04
7.400000000000005532e-03 4.029309901772911459e-04
7.700000000000006319e-03 1.123251741354316501e-03
8.000000000000007105e-03 2.711855436900197222e-04
8.300000000000007025e-03 4.010070963643442839e-04
8.500000000000007550e-03 2.209582323967772179e-04
8.800000000000007469e-03 1.732904273809684949e-04
9.100000000000007389e-03 1.533532278952163771e-04
9.400000000000007308e-03 1.184512197947031845e-04
9.700000000000008962e-03 9.846300139402459407e-05
1.000000000000000715e-02 8.136212529406521422e-05
1.030000000000000880e-02 6.767512111476415117e-05
1.060000000000000872e-02 5.624899879263626525e-05
1.090000000000000864e-02 4.679540180552189401e-05
1.120000000000001029e-02 3.896687390532307878e-05
1.150000000000000848e-02 3.248076577917619599e-05
1.180000000000001013e-02 2.710293460735585465e-05
1.210000000000001005e-02 2.263665424191872578e-05
1.230000000000001058e-02 2.008595322257216608e-05
1.260000000000001050e-02 1.680300459474018846e-05
1.290000000000001042e-02 1.407071985048679791e-05
1.320000000000001034e-02 1.179457991884010243e-05
1.350000000000001026e-02 9.896624859697468850e-06
1.380000000000001191e-02 8.312484679943318191e-06
1.410000000000001183e-02 6.988996117134118050e-06
1.440000000000001348e-02 5.884823405259316656e-06
1.470000000000001167e-02 4.960914955590424685e-06
1.500000000000001332e-02 4.186783425835030275e-06
1.530000000000001324e-02 3.538967370134839519e-06
1.560000000000001316e-02 2.996114827416815271e-06
1.590000000000001482e-02 2.539833235364179892e-06
1.610000000000001708e-02 2.278042998562401030e-06
1.640000000000001179e-02 1.936872384526809413e-06
1.670000000000001344e-02 1.651026337568105085e-06
1.700000000000001510e-02 1.409717531391521065e-06
1.730000000000001675e-02 1.207069815046530205e-06
1.760000000000001494e-02 1.035728356441040357e-06
1.790000000000001659e-02 8.915844527137579214e-07
1.820000000000001825e-02 7.693666687955222233e-07
1.850000000000001296e-02 6.664570835350786075e-07
1.880000000000001462e-02 5.790113828151140774e-07
1.910000000000001627e-02 5.049194519351113155e-07
1.940000000000001792e-02 4.419292840402233554e-07
1.970000000000001611e-02 3.883567371118597403e-07
1.990000000000001837e-02 3.573165868686025649e-07
2.020000000000001655e-02 3.164153534522289861e-07
2.050000000000001821e-02 2.814407535481800194e-07
2.080000000000001986e-02 2.515962581197107773e-07
2.110000000000001805e-02 2.259294013772701255e-07
2.140000000000001970e-02 2.038614875522014723e-07
2.170000000000001789e-02 1.848873448360890271e-07
2.200000000000001954e-02 1.684524758817264716e-07
2.230000000000001772e-02 1.541962239906572846e-07
2.260000000000001938e-02 1.418462076337702425e-07
2.290000000000002103e-02 1.310529273579909334e-07
2.320000000000002269e-02 1.215917893692023620e-07
2.350000000000002087e-02 1.133026050238995925e-07
2.370000000000001966e-02 1.083320246892035524e-07
2.400000000000002132e-02 1.015907719160770407e-07
2.430000000000002297e-02 9.560020349156403436e-08
2.460000000000002462e-02 9.027116894603491460e-08
2.490000000000001934e-02 8.550566444006962518e-08
2.520000000000002099e-02 8.121684581364207351e-08
2.550000000000002265e-02 7.734155512990431367e-08
2.580000000000002083e-02 7.383046510758508183e-08
2.610000000000002249e-02 7.063767608860826509e-08
2.640000000000002414e-02 6.771560788040452283e-08
2.670000000000002580e-02 6.503093713120812153e-08
2.700000000000002051e-02 6.255504659361248313e-08
2.730000000000002217e-02 6.026731998864634626e-08
2.750000000000002442e-02 5.883400946193161693e-08
2.780000000000002608e-02 5.680665522249271804e-08
2.810000000000002426e-02 5.491211869037903459e-08
2.840000000000002245e-02 5.313630072949240514e-08
2.870000000000002410e-02 5.146758717933034679e-08
2.900000000000002576e-02 4.989610913433358612e-08
2.930000000000002741e-02 4.841063526251343897e-08
2.960000000000002560e-02 4.700321573889922546e-08
2.990000000000002725e-02 4.566688851115810440e-08
3.020000000000002544e-02 4.439554139951212757e-08
3.050000000000002709e-02 4.318424125865169353e-08
3.080000000000002527e-02 4.202810102030607964e-08
3.110000000000002693e-02 4.092238471420847738e-08
3.130000000000002919e-02 4.021141645058974648e-08
3.160000000000002390e-02 3.918175010658568892e-08
3.190000000000002556e-02 3.819354231945034719e-08
3.220000000000003415e-02 3.724405878222959757e-08
3.250000000000002887e-02 3.633102658538259502e-08
3.280000000000002358e-02 3.545209491526201589e-08
3.310000000000003217e-02 3.460512929721316337e-08
3.340000000000002689e-02 3.378832030336050965e-08
3.370000000000002854e-02 3.300001727705719106e-08
3.400000000000003020e-02 3.223870969225419816e-08
3.430000000000003185e-02 3.150301093766836854e-08
3.460000000000003351e-02 3.079165968628758322e-08
3.490000000000002822e-02 3.010352683412346093e-08
3.510000000000003395e-02 2.965707871666861818e-08
3.540000000000003560e-02 2.900511157038781733e-08
3.570000000000003032e-02 2.837354064778055181e-08
3.600000000000003197e-02 2.776146877709257309e-08
3.630000000000003363e-02 2.716805680565001786e-08
3.660000000000002834e-02 2.659251867209224208e-08
3.690000000000003694e-02 2.603411603774965844e-08
3.720000000000003165e-02 2.549216108963013062e-08
3.750000000000003331e-02 2.496600489161002940e-08
3.780000000000003496e-02 2.445501099014191273e-08
3.810000000000002968e-02 2.395859600812369771e-08
3.840000000000003827e-02 2.347620748657895110e-08
3.870000000000003298e-02 2.300732126792902677e-08
3.890000000000003177e-02 2.270198491182049421e-08
3.920000000000003343e-02 2.225450863261595849e-08
3.950000000000003508e-02 2.181926094621507430e-08
3.980000000000003674e-02 2.139580572798305798e-08
4.010000000000003839e-02 2.098372746931164757e-08
4.040000000000003311e-02 2.058263320804192795e-08
4.070000000000004170e-02 2.019213885350752225e-08
4.100000000000003642e-02 1.981188258286488541e-08
4.130000000000003113e-02 1.944151831989821010e-08
4.160000000000003972e-02 1.908071479999715021e-08
4.190000000000003444e-02 1.872915478121931901e-08
4.220000000000003609e-02 1.838653424751980388e-08
4.250000000000003775e-02 1.805256171493922316e-08
4.270000000000003654e-02 1.783457925511116516e-08
4.300000000000003819e-02 1.751440427022594358e-08
4.330000000000003985e-02 1.720215636430890126e-08
4.360000000000003456e-02 1.689758474654014105e-08
4.390000000000004315e-02 1.660044885770036136e-08
4.420000000000003787e-02 1.631051625841030107e-08
4.450000000000003952e-02 1.602756416967456914e-08
4.480000000000004118e-02 1.575137827399326920e-08
4.510000000000003589e-02 1.548175232561539605e-08
4.540000000000004449e-02 1.521848778022115964e-08
4.570000000000003920e-02 1.496139344096677870e-08
4.600000000000004086e-02 1.471028513681992227e-08
4.630000000000004251e-02 1.446498540595284445e-08
4.650000000000004130e-02 1.430459451510034701e-08
4.680000000000004295e-02 1.406859868355896103e-08
4.710000000000004461e-02 1.383796881645163594e-08
4.740000000000003932e-02 1.361254966015807611e-08
4.770000000000004098e-02 1.339219142559169914e-08
4.800000000000004263e-02 1.317674962532761595e-08
4.830000000000003735e-02 1.296608464557483166e-08
4.860000000000004594e-02 1.276006176126256244e-08
4.890000000000004066e-02 1.255855086784300555e-08
4.920000000000004925e-02 1.236142628783037246e-08
4.950000000000004396e-02 1.216856659261251824e-08
4.980000000000003868e-02 1.197985443231160237e-08
5.010000000000004727e-02 1.179517637442206078e-08
5.030000000000004606e-02 1.167424452905510220e-08
5.060000000000004772e-02 1.149604805646953386e-08
5.090000000000004243e-02 1.132160119951391955e-08
5.120000000000004409e-02 1.115080362151926443e-08
5.150000000000004574e-02 1.098355824097024324e-08
5.180000000000004740e-02 1.081977110714055567e-08
5.210000000000004211e-02 1.065935128126538732e-08
5.240000000000005070e-02 1.050221072309569467e-08
5.270000000000004542e-02 1.034826418217215934e-08
5.300000000000004707e-02 1.019742909798525245e-08
5.330000000000004873e-02 1.004962548797253620e-08
5.360000000000004344e-02 9.904775864764310890e-09
5.390000000000005204e-02 9.762805141973179359e-09
5.410000000000004389e-02 9.669721352348924517e-09
5.440000000000005248e-02 9.532388181922767024e-09
5.470000000000004720e-02 9.397744762840206900e-09
5.500000000000004885e-02 9.265724089337745917e-09
5.530000000000005050e-02 9.136261178307374153e-09
5.560000000000005216e-02 9.009292997613354538e-09
5.590000000000004687e-02 8.884758397368360183e-09
5.620000000000004853e-02 8.762598043953517049e-09
5.650000000000005018e-02 8.642754356718736787e-09
5.680000000000004490e-02 8.525171447208279790e-09
5.710000000000005349e-02 8.409795060793458496e-09
5.740000000000004821e-02 8.296572520643227720e-09
5.770000000000005680e-02 8.185452673873778833e-09
5.790000000000004865e-02 8.112516346282364223e-09
5.820000000000005724e-02 8.004791291461232110e-09
5.850000000000005196e-02 7.899039585690509451e-09
5.880000000000005361e-02 7.795215236359430663e-09
5.910000000000005527e-02 7.693273550065282895e-09
5.940000000000004998e-02 7.593171089341167855e-09
5.970000000000005164e-02 7.494865631295019039e-09
6.000000000000005329e-02 7.398316127937632428e-09
6.030000000000005494e-02 7.303482667715344307e-09
6.060000000000004966e-02 7.210326438594293941e-09
6.090000000000005825e-02 7.118809692520196621e-09
6.120000000000005297e-02 7.028895711193300794e-09
6.150000000000006156e-02 6.940548773107142346e-09
6.170000000000005341e-02 6.882504191492114314e-09
6.200000000000005507e-02 6.796692218233780373e-09
6.230000000000005672e-02 6.712356666261891427e-09
6.260000000000005838e-02 6.629465205993625380e-09
6.290000000000005309e-02 6.547986366030139806e-09
6.320000000000004781e-02 6.467889506423978038e-09
6.350000000000005640e-02 6.389144792902254335e-09
6.380000000000005111e-02 6.311723172005317884e-09
6.410000000000004583e-02 6.235596347105395524e-09
6.440000000000006830e-02 6.160736755269746996e-09
6.470000000000006302e-02 6.087117544934786414e-09
6.500000000000005773e-02 6.014712554359215143e-09
6.530000000000005245e-02 5.943496290825485943e-09
6.550000000000005818e-02 5.896666891069231515e-09
6.580000000000005289e-02 5.827376942556284439e-09
6.610000000000004761e-02 5.759210860763072165e-09
6.640000000000007008e-02 5.692145439438944886e-09
6.670000000000006479e-02 5.626158053364841833e-09
6.700000000000005951e-02 5.561226641279754866e-09
6.730000000000005422e-02 5.497329689375956483e-09
6.760000000000006282e-02 5.434446215356173816e-09
6.790000000000005753e-02 5.372555753020864625e-09
6.820000000000006612e-02 5.311638337365988634e-09
6.850000000000006084e-02 5.251674490175411368e-09
6.880000000000005556e-02 5.192645206088285854e-09
6.910000000000006415e-02 5.134531939123782476e-09
6.930000000000005600e-02 5.096289703472436687e-09
6.960000000000006459e-02 5.039663124996052394e-09
6.990000000000005931e-02 4.983905255759453199e-09
7.020000000000006790e-02 4.928999125831610132e-09
7.050000000000006262e-02 4.874928167345037011e-09
7.080000000000007121e-02 4.821676203312109206e-09
7.110000000000006593e-02 4.769227436798236399e-09
7.140000000000006064e-02 4.717566440438944775e-09
7.170000000000005536e-02 4.666678146288664435e-09
7.200000000000006395e-02 4.616547835989337915e-09
7.230000000000007254e-02 4.567161131247486843e-09
7.260000000000006726e-02 4.518503984608855992e-09
7.290000000000006197e-02 4.470562670520130363e-09
7.310000000000006770e-02 4.438992843210710261e-09
7.340000000000006242e-02 4.392214929109092477e-09
7.370000000000005713e-02 4.346117754794585317e-09
7.400000000000006573e-02 4.300688702919121171e-09
7.430000000000007432e-02 4.255915439833934265e-09
7.460000000000006903e-02 4.211785908098952185e-09
7.490000000000006375e-02 4.168288319219111980e-09
7.520000000000005846e-02 4.125411146599793111e-09
7.550000000000006706e-02 4.083143118713963966e-09
7.580000000000007565e-02 4.041473212473845473e-09
7.610000000000007037e-02 4.000390646800174096e-09
7.640000000000006508e-02 3.959884876382470765e-09
7.660000000000007081e-02 3.933196367849582475e-09
7.690000000000006553e-02 3.893629110083241554e-09
7.720000000000007412e-02 3.854611633906034753e-09
7.750000000000006883e-02 3.816134208025976142e-09
7.780000000000006355e-02 3.778187310144567978e-09
7.810000000000007214e-02 3.740761621685252279e-09
7.840000000000006686e-02 3.703848022674387473e-09
7.870000000000007545e-02 3.667437586769832949e-09
7.900000000000007017e-02 3.631521576432328964e-09
7.930000000000006488e-02 3.596091438235042184e-09
7.960000000000007347e-02 3.561138798306824978e-09
7.990000000000008207e-02 3.526655457904892067e-09
8.020000000000007678e-02 3.492633389112765837e-09
8.040000000000008251e-02 3.470204383079903966e-09
8.070000000000007723e-02 3.436933711264349520e-09
8.100000000000007194e-02 3.404103707008040622e-09
8.130000000000006666e-02 3.371706933869918904e-09
8.160000000000006137e-02 3.339736107701618831e-09
8.190000000000008384e-02 3.308184092983799977e-09
8.220000000000007856e-02 3.277043899263627782e-09
8.250000000000007327e-02 3.246308677690247491e-09
8.280000000000006799e-02 3.215971717645221338e-09
8.310000000000007658e-02 3.186026443464989142e-09
8.340000000000008518e-02 3.156466411252520495e-09
8.370000000000007989e-02 3.127285305775406070e-09
8.400000000000007461e-02 3.098476937447769223e-09
8.420000000000008034e-02 3.079475433805582868e-09
8.450000000000007505e-02 3.051274871414635114e-09
8.480000000000006977e-02 3.023431132796944606e-09
8.510000000000007836e-02 2.995938464535963239e-09
8.540000000000007307e-02 2.968791225812624322e-09
8.570000000000008167e-02 2.941983885816385953e-09
8.600000000000007638e-02 2.915511021224595392e-09
8.630000000000008498e-02 2.889367313748155670e-09
8.660000000000007969e-02 2.863547547741517078e-09
8.690000000000007441e-02 2.838046607875081089e-09
8.720000000000006912e-02 2.812859476868206420e-09
8.750000000000007772e-02 2.787981233281017713e-09
8.780000000000008631e-02 2.763407049363289681e-09
8.800000000000007816e-02 2.747190839573479952e-09
8.830000000000008675e-02 2.723112941285557770e-09
8.860000000000008147e-02 2.699326670937128505e-09
8.890000000000007618e-02 2.675827526781275018e-09
8.920000000000007090e-02 2.652611091429563830e-09
8.950000000000009337e-02 2.629673029994520479e-09
8.980000000000008809e-02 2.607009088279061857e-09
9.010000000000008280e-02 2.584615091011540932e-09
9.040000000000007752e-02 2.562486940125109336e-09
9.070000000000007223e-02 2.540620613080148344e-09
9.100000000000008082e-02 2.519012161228540718e-09
9.130000000000008942e-02 2.497657708218627850e-09
9.160000000000008413e-02 2.476553448439666833e-09
9.180000000000008986e-02 2.462621090226625586e-09
9.210000000000008458e-02 2.441925549597556668e-09
9.240000000000007929e-02 2.421470388329140858e-09
9.270000000000008789e-02 2.401252047495199071e-09
9.300000000000008260e-02 2.381267032142467882e-09
9.330000000000009119e-02 2.361511909939177487e-09
9.360000000000008591e-02 2.341983309856409586e-09
9.390000000000008062e-02 2.322677920881338945e-09
9.420000000000008922e-02 2.303592490761474794e-09
9.450000000000008393e-02 2.284723824779089346e-09
9.480000000000007865e-02 2.266068784554973189e-09
9.510000000000008724e-02 2.247624286880768521e-09
9.540000000000009583e-02 2.229387302579077453e-09
9.560000000000008769e-02 2.217343126349163301e-09
9.590000000000009628e-02 2.199445409398600729e-09
9.620000000000009099e-02 2.181747383785510752e-09
9.650000000000008571e-02 2.164246209122944655e-09
9.680000000000008042e-02 2.146939094081534457e-09
9.710000000000007514e-02 2.129823295393604680e-09
9.740000000000009761e-02 2.112896116880517136e-09
9.770000000000009233e-02 2.096154908502604359e-09
9.800000000000008704e-02 2.079597065431122182e-09
9.830000000000008176e-02 2.063220027141633309e-09
9.860000000000007647e-02 2.047021276528271419e-09
9.890000000000009894e-02 2.030998339038339429e-09
9.920000000000009366e-02 2.015148781826713362e-09
9.940000000000009939e-02 2.004677549854552070e-09
9.970000000000009410e-02 1.989111664120403685e-09
1.000000000000000888e-01 1.973712868756662718e-09
1.003000000000000835e-01 1.958478876917969724e-09
1.006000000000000921e-01 1.943407439767681965e-09
1.009000000000000868e-01 1.928496345735289803e-09
1.012000000000000954e-01 1.913743419790472240e-09
1.015000000000000902e-01 1.899146522733408211e-09
1.018000000000000987e-01 1.884703550500915153e-09
1.021000000000000935e-01 1.870412433488013254e-09
1.024000000000000882e-01 1.856271135884539623e-09
1.027000000000000968e-01 1.842277655026424665e-09
1.030000000000000915e-01 1.828430020761278253e-09
1.032000000000000833e-01 1.819278332009485323e-09
1.035000000000000919e-01 1.805669483625824816e-09
1.038000000000001005e-01 1.792201382365688389e-09
1.041000000000000952e-01 1.778872172080040186e-09
1.044000000000000900e-01 1.765680026349803306e-09
1.047000000000000847e-01 1.752623147926046926e-09
1.050000000000000933e-01 1.739699768182277541e-09
1.053000000000001019e-01 1.726908146578542981e-09
1.056000000000000966e-01 1.714246570137059249e-09
1.059000000000000913e-01 1.701713352929079990e-09
1.062000000000000860e-01 1.689306835572743884e-09
1.065000000000001085e-01 1.677025384741623689e-09
1.068000000000001032e-01 1.664867392683730025e-09
1.070000000000000950e-01 1.656829870278641782e-09
1.073000000000001036e-01 1.644874138034401279e-09
1.076000000000000983e-01 1.633037698706366314e-09
1.079000000000000931e-01 1.621319034362484751e-09
1.082000000000001017e-01 1.609716650531458650e-09
1.085000000000000964e-01 1.598229075776416627e-09
1.088000000000001050e-01 1.586854861277483359e-09
1.091000000000000997e-01 1.575592580423041931e-09
1.094000000000000944e-01 1.564440828409474787e-09
1.097000000000001030e-01 1.553398221849196136e-09
1.100000000000000977e-01 1.542463398386777481e-09
1.103000000000000924e-01 1.531635016322973357e-09
1.106000000000001010e-01 1.520911754246469207e-09
1.108000000000000929e-01 1.513820669337544276e-09
1.111000000000001015e-01 1.503269724733432813e-09
1.114000000000000962e-01 1.492820472818648383e-09
1.117000000000001048e-01 1.482471663540367868e-09
1.120000000000000995e-01 1.472222065512134717e-09
1.123000000000000942e-01 1.462070465686107442e-09
1.126000000000001028e-01 1.452015669031918540e-09
1.129000000000001114e-01 1.442056498221996576e-09
1.132000000000001061e-01 1.432191793323196359e-09
1.135000000000001008e-01 1.422420411494606905e-09
1.138000000000000955e-01 1.412741226691382522e-09
1.141000000000000902e-01 1.403153129374477484e-09
1.144000000000001127e-01 1.393655026226137670e-09
1.146000000000001046e-01 1.387372421535908717e-09
1.149000000000001132e-01 1.378021922249992514e-09
1.152000000000001079e-01 1.368758578819317155e-09
1.155000000000001026e-01 1.359581355059787902e-09
1.158000000000000973e-01 1.350489229753397027e-09
1.161000000000001059e-01 1.341481196394020657e-09
1.164000000000001145e-01 1.332556262938190498e-09
1.167000000000001092e-01 1.323713451560699601e-09
1.170000000000001039e-01 1.314951798414964625e-09
1.173000000000000986e-01 1.306270353398024441e-09
1.176000000000001072e-01 1.297668179920077898e-09
1.179000000000001019e-01 1.289144354678460647e-09
1.182000000000001105e-01 1.280697967435967149e-09
1.184000000000001024e-01 1.275109620040850229e-09
1.187000000000001110e-01 1.266790308180094149e-09
1.190000000000001057e-01 1.258546069254411687e-09
1.193000000000001143e-01 1.250376039104376724e-09
1.196000000000001090e-01 1.242279365656239540e-09
1.199000000000001037e-01 1.234255208723146014e-09
1.202000000000000984e-01 1.226302739810114899e-09
1.205000000000001070e-01 1.218421141922688409e-09
1.208000000000001156e-01 1.210609609379181656e-09
1.211000000000001103e-01 1.202867347626455883e-09
1.214000000000001050e-01 1.195193573059135658e-09
1.217000000000000998e-01 1.187587512842203651e-09
1.220000000000001222e-01 1.180048404736893598e-09
1.222000000000001002e-01 1.175059156594441640e-09
1.225000000000001227e-01 1.167629969717759875e-09
1.228000000000001174e-01 1.160265752830445850e-09
1.231000000000001121e-01 1.152965781108643725e-09
1.234000000000001068e-01 1.145729339553941913e-09
1.237000000000001015e-01 1.138555722836728236e-09
1.240000000000001101e-01 1.131444235142404642e-09
1.243000000000001187e-01 1.124394190020419712e-09
1.246000000000001134e-01 1.117404910236046784e-09
1.249000000000001082e-01 1.110475727624866965e-09
1.252000000000001168e-01 1.103605982949882151e-09
1.255000000000001115e-01 1.096795025761222723e-09
1.258000000000001062e-01 1.090042214258383709e-09
1.260000000000001119e-01 1.085572330001563623e-09
1.263000000000001066e-01 1.078915024816213598e-09
1.266000000000001013e-01 1.072314195113340665e-09
1.269000000000000961e-01 1.065769229667714945e-09
1.272000000000001185e-01 1.059279525292592952e-09
1.275000000000001132e-01 1.052844486715368358e-09
1.278000000000001080e-01 1.046463526455437946e-09
1.281000000000001027e-01 1.040136064704224237e-09
1.284000000000001251e-01 1.033861529207333888e-09
1.287000000000000921e-01 1.027639355148782807e-09
1.290000000000001146e-01 1.021468985037269157e-09
1.293000000000001370e-01 1.015349868594441110e-09
1.296000000000001040e-01 1.009281462645125224e-09
1.298000000000001375e-01 1.005263766110473864e-09
1.301000000000001044e-01 9.992786895460195426e-10
1.304000000000001269e-01 9.933429089203181024e-10
1.307000000000000939e-01 9.874559061946300374e-10
1.310000000000001164e-01 9.816171699458953312e-10
1.313000000000001388e-01 9.758261952673582538e-10
1.316000000000001058e-01 9.700824836708963560e-10
1.319000000000001283e-01 9.643855429910381537e-10
1.322000000000000952e-01 9.587348872906293827e-10
1.325000000000001177e-01 9.531300367681118424e-10
1.328000000000001402e-01 9.475705176663978708e-10
1.331000000000001071e-01 9.420558621832924745e-10
1.334000000000001296e-01 9.365856083834395388e-10
1.336000000000001076e-01 9.329632146216240166e-10
1.339000000000001300e-01 9.275659527651765736e-10
1.342000000000001247e-01 9.222118887931176428e-10
1.345000000000001195e-01 9.169005815524069821e-10
1.348000000000001142e-01 9.116315953652721598e-10
1.351000000000001089e-01 9.064044999492708537e-10
1.354000000000001314e-01 9.012188703386858425e-10
1.357000000000001261e-01 8.960742868072472076e-10
1.360000000000001208e-01 8.909703347921351148e-10
1.363000000000001155e-01 8.859066048192546954e-10
1.366000000000001102e-01 8.808826924297556282e-10
1.369000000000001327e-01 8.758981981077648846e-10
1.372000000000001274e-01 8.709527272093228154e-10
1.374000000000001331e-01 8.676772335800408056e-10
1.377000000000001279e-01 8.627959377456401813e-10
1.380000000000001226e-01 8.579526362412482765e-10
1.383000000000001173e-01 8.531469516973093269e-10
1.386000000000001398e-01 8.483785112997132256e-10
1.389000000000001345e-01 8.436469467251018306e-10
1.392000000000001292e-01 8.389518940772249647e-10
1.395000000000001239e-01 8.342929938243438332e-10
1.398000000000001186e-01 8.296698907376410163e-10
1.401000000000001411e-01 8.250822338306393120e-10
1.404000000000001358e-01 8.205296762995919994e-10
1.407000000000001305e-01 8.160118754648407997e-10
1.410000000000001252e-01 8.115284927131201317e-10
1.412000000000001310e-01 8.085585266361960213e-10
1.415000000000001257e-01 8.041317657472793055e-10
1.418000000000001204e-01 7.997385394239579158e-10
1.421000000000001429e-01 7.953785234842395483e-10
1.424000000000001098e-01 7.910513975552637753e-10
1.427000000000001323e-01 7.867568450206428999e-10
1.430000000000001270e-01 7.824945529686437433e-10
1.433000000000001217e-01 7.782642121411854465e-10
1.436000000000001442e-01 7.740655168836489422e-10
1.439000000000001112e-01 7.698981650954769014e-10
1.442000000000001336e-01 7.657618581815493686e-10
1.445000000000001283e-01 7.616563010043311568e-10
1.448000000000001231e-01 7.575812018367628776e-10
1.450000000000001288e-01 7.548812476363404658e-10
1.453000000000001235e-01 7.508562726522352724e-10
1.456000000000001460e-01 7.468609940620592111e-10
1.459000000000001129e-01 7.428951322525983110e-10
1.462000000000001354e-01 7.389584108108319563e-10
1.465000000000001579e-01 7.350505564808408092e-10
1.468000000000001248e-01 7.311712991213786483e-10
1.471000000000001473e-01 7.273203716640998510e-10
1.474000000000001143e-01 7.234975100724331105e-10
1.477000000000001367e-01 7.197024533010846384e-10
1.480000000000001315e-01 7.159349432561669209e-10
1.483000000000001262e-01 7.121947247559346270e-10
1.486000000000001486e-01 7.084815454921226001e-10
1.488000000000001266e-01 7.060209911355726458e-10
1.491000000000001491e-01 7.023523242648839445e-10
1.494000000000001160e-01 6.987100375690038937e-10
1.497000000000001385e-01 6.950938889544149455e-10
1.500000000000001332e-01 6.915036390282975163e-10
1.503000000000001279e-01 6.879390510630799207e-10
1.506000000000001504e-01 6.843998909615219409e-10
1.509000000000001174e-01 6.808859272223274805e-10
1.512000000000001398e-01 6.773969309062699681e-10
1.515000000000001346e-01 6.739326756028307149e-10
1.518000000000001293e-01 6.704929373973324448e-10
1.521000000000001517e-01 6.670774948385654090e-10
1.523000000000001297e-01 6.648139224572807246e-10
1.526000000000001522e-01 6.614384871193131566e-10
1.529000000000001469e-01 6.580867686941089083e-10
1.532000000000001416e-01 6.547585544939121819e-10
1.535000000000001363e-01 6.514536341496092371e-10
1.538000000000001311e-01 6.481717995809870091e-10
1.541000000000001258e-01 6.449128449674255822e-10
1.544000000000001482e-01 6.416765667190279327e-10
1.547000000000001430e-01 6.384627634481680167e-10
1.550000000000001377e-01 6.352712359414588610e-10
1.553000000000001324e-01 6.321017871321317609e-10
1.556000000000001271e-01 6.289542220728161449e-10
1.559000000000001496e-01 6.258283479087187599e-10
1.561000000000001275e-01 6.237563879958100027e-10
1.564000000000001500e-01 6.206662423574856206e-10
1.567000000000001447e-01 6.175972833655092252e-10
1.570000000000001394e-01 6.145493256146306651e-10
1.573000000000001342e-01 6.115221856720652094e-10
1.576000000000001289e-01 6.085156820528002418e-10
1.579000000000001513e-01 6.055296351952566083e-10
1.582000000000001461e-01 6.025638674373007931e-10
1.585000000000001408e-01 5.996182029925990304e-10
1.588000000000001632e-01 5.966924679273127311e-10
1.591000000000001302e-01 5.937864901371243686e-10
1.594000000000001527e-01 5.909000993245913417e-10
1.597000000000001474e-01 5.880331269768237818e-10
1.599000000000001531e-01 5.861325176965673933e-10
1.602000000000001478e-01 5.832975397609830017e-10
1.605000000000001426e-01 5.804815394805615740e-10
1.608000000000001650e-01 5.776843546998495297e-10
1.611000000000001320e-01 5.749058249478810513e-10
1.614000000000001545e-01 5.721457914175829422e-10
1.617000000000001214e-01 5.694040969454756139e-10
1.620000000000001439e-01 5.666805859916499385e-10
1.623000000000001664e-01 5.639751046200339253e-10
1.626000000000001333e-01 5.612875004789276089e-10
1.629000000000001558e-01 5.586176227818130804e-10
1.632000000000001227e-01 5.559653222884324202e-10
1.635000000000001452e-01 5.533304512861256762e-10
1.637000000000001232e-01 5.515834814077197114e-10
1.640000000000001457e-01 5.489773353976803339e-10
1.643000000000001681e-01 5.463882323074143077e-10
1.646000000000001351e-01 5.438160298699489951e-10
1.649000000000001576e-01 5.412605872621872608e-10
1.652000000000001523e-01 5.387217650876627205e-10
1.655000000000001470e-01 5.361994253595306328e-10
1.658000000000001695e-01 5.336934314837910221e-10
1.661000000000001364e-01 5.312036482427444459e-10
1.664000000000001589e-01 5.287299417786702736e-10
1.667000000000001536e-01 5.262721795777300622e-10
1.670000000000001483e-01 5.238302304540883768e-10
1.673000000000001708e-01 5.214039645342497120e-10
1.675000000000001488e-01 5.197951032644971285e-10
1.678000000000001435e-01 5.173946909254079122e-10
1.681000000000001382e-01 5.150096217598487002e-10
1.684000000000001607e-01 5.126397705756314821e-10
1.687000000000001554e-01 5.102850134225724923e-10
1.690000000000001501e-01 5.079452275779886325e-10
1.693000000000001448e-01 5.056202915323922100e-10
1.696000000000001395e-01 5.033100849753765478e-10
1.699000000000001620e-01 5.010144887816878144e-10
1.702000000000001567e-01 4.987333849974861743e-10
1.705000000000001514e-01 4.964666568267889177e-10
1.708000000000001461e-01 4.942141886180924688e-10
1.711000000000001686e-01 4.919758658511748227e-10
1.713000000000001466e-01 4.904914532053955727e-10
1.716000000000001691e-01 4.882764547168120500e-10
1.719000000000001638e-01 4.860753017149542643e-10
1.722000000000001585e-01 4.838878837175057384e-10
1.725000000000001532e-01 4.817140913141090674e-10
1.728000000000001479e-01 4.795538161541226118e-10
1.731000000000001704e-01 4.774069509345421092e-10
1.734000000000001651e-01 4.752733893880777965e-10
1.737000000000001598e-01 4.731530262713872487e-10
1.740000000000001545e-01 4.710457573534655892e-10
1.743000000000001493e-01 4.689514794041815929e-10
1.746000000000001717e-01 4.668700901829680600e-10
1.749000000000001387e-01 4.648014884276567901e-10
1.751000000000001722e-01 4.634294751707337071e-10
1.754000000000001391e-01 4.613819634540709127e-10
1.757000000000001616e-01 4.593469738707876612e-10
1.760000000000001563e-01 4.573244086529744003e-10
1.763000000000001510e-01 4.553141709608983580e-10
1.766000000000001735e-01 4.533161648726339033e-10
1.769000000000001405e-01 4.513302953738226188e-10
1.772000000000001629e-01 4.493564683475672213e-10
1.775000000000001854e-01 4.473945905644542649e-10
1.778000000000001524e-01 4.454445696727033499e-10
1.781000000000001748e-01 4.435063141884438218e-10
1.784000000000001418e-01 4.415797334861140995e-10
1.787000000000001643e-01 4.396647377889825989e-10
1.789000000000001422e-01 4.383944661509943284e-10
1.792000000000001647e-01 4.364985815678781214e-10
1.795000000000001872e-01 4.346140466643932081e-10
1.798000000000001541e-01 4.327407746970236825e-10
1.801000000000001766e-01 4.308786797284155925e-10
1.804000000000001436e-01 4.290276766185600720e-10
1.807000000000001660e-01 4.271876810160840610e-10
1.810000000000001608e-01 4.253586093496537268e-10
1.813000000000001555e-01 4.235403788194825244e-10
1.816000000000001779e-01 4.217329073889469981e-10
1.819000000000001449e-01 4.199361137763085635e-10
1.822000000000001674e-01 4.181499174465358460e-10
1.825000000000001621e-01 4.163742386032311904e-10
1.827000000000001678e-01 4.151962566810937780e-10
1.830000000000001625e-01 4.134379316375143509e-10
1.833000000000001573e-01 4.116899148407782123e-10
1.836000000000001797e-01 4.099521291353375514e-10
1.839000000000001744e-01 4.082244980679021826e-10
1.842000000000001692e-01 4.065069458799172163e-10
1.845000000000001639e-01 4.047993975001304798e-10
1.848000000000001586e-01 4.031017785372539773e-10
1.851000000000001811e-01 4.014140152727137554e-10
1.854000000000001758e-01 3.997360346534900343e-10
1.857000000000001705e-01 3.980677642850434180e-10
1.860000000000001652e-01 3.964091324243287851e-10
1.863000000000001599e-01 3.947600679728941729e-10
1.865000000000001656e-01 3.936659720778775786e-10
1.868000000000001604e-01 3.920326970411957030e-10
1.871000000000001551e-01 3.904088029176829270e-10
1.874000000000001775e-01 3.887942209146965173e-10
1.877000000000001723e-01 3.871888828530745682e-10
1.880000000000001670e-01 3.855927211606944876e-10
1.883000000000001617e-01 3.840056688661124957e-10
1.886000000000001564e-01 3.824276595922766897e-10
1.889000000000001789e-01 3.808586275503184336e-10
1.892000000000001736e-01 3.792985075334166937e-10
1.895000000000001683e-01 3.777472349107354773e-10
1.898000000000001908e-01 3.762047456214366472e-10
1.901000000000001577e-01 3.746709761687608763e-10
1.903000000000001912e-01 3.736532764504379467e-10
1.906000000000001582e-01 3.721339004684611653e-10
1.909000000000001807e-01 3.706230777118935501e-10
1.912000000000001754e-01 3.691207467027718907e-10
1.915000000000001701e-01 3.676268465005159280e-10
1.918000000000001926e-01 3.661413166964002546e-10
1.921000000000001595e-01 3.646640974080891842e-10
1.924000000000001820e-01 3.631951292742376403e-10
1.927000000000001767e-01 3.617343534491555312e-10
1.930000000000001714e-01 3.602817115975345766e-10
1.933000000000001939e-01 3.588371458892374323e-10
1.936000000000001608e-01 3.574005989941482835e-10
1.939000000000001833e-01 3.559720140770829441e-10
1.941000000000001613e-01 3.550240196086561473e-10
1.944000000000001838e-01 3.536085796829007922e-10
1.947000000000001507e-01 3.522009525562798566e-10
1.950000000000001732e-01 3.508010831657711351e-10
1.953000000000001957e-01 3.494089169203095234e-10
1.956000000000001626e-01 3.480243996960240601e-10
1.959000000000001851e-01 3.466474778315316316e-10
1.962000000000001521e-01 3.452780981232847526e-10
1.965000000000001745e-01 3.439162078209731659e-10
1.968000000000001970e-01 3.425617546229783818e-10
1.971000000000001640e-01 3.412146866718811047e-10
1.974000000000001864e-01 3.398749525500195835e-10
1.977000000000001811e-01 3.385425012751002813e-10
1.979000000000001869e-01 3.376582214700373448e-10
1.982000000000001816e-01 3.363377961481195547e-10
1.985000000000001763e-01 3.350245198159804075e-10
1.988000000000001988e-01 3.337183430509227301e-10
1.991000000000001657e-01 3.324192168457867356e-10
1.994000000000001882e-01 3.311270926048362988e-10
1.997000000000001829e-01 3.298419221396929497e-10
2.000000000000001776e-01 3.285636576653167069e-10
2.003000000000001724e-01 3.272922517960302334e-10
2.006000000000001671e-01 3.260276575415915903e-10
2.009000000000001895e-01 3.247698283033074699e-10
2.012000000000001843e-01 3.235187178701941471e-10
2.015000000000001790e-01 3.222742804151785491e-10
2.017000000000001847e-01 3.214483401967685450e-10
2.020000000000001794e-01 3.202149235648173821e-10
2.023000000000001741e-01 3.189880595539136899e-10
2.026000000000001966e-01 3.177677037128541743e-10
2.029000000000001913e-01 3.165538119571814206e-10
2.032000000000001860e-01 3.153463405656222083e-10
2.035000000000001807e-01 3.141452461765650148e-10
2.038000000000001755e-01 3.129504857845761885e-10
2.041000000000001979e-01 3.117620167369566031e-10
2.044000000000001926e-01 3.105797967303353795e-10
2.047000000000001874e-01 3.094037838073009343e-10
2.050000000000001821e-01 3.082339363530710089e-10
2.053000000000001768e-01 3.070702130921986296e-10
2.055000000000001825e-01 3.062977796838878134e-10
2.058000000000001772e-01 3.051441726000722787e-10
2.061000000000001997e-01 3.039965812760670261e-10
2.064000000000001667e-01 3.028549656530555618e-10
2.067000000000001891e-01 3.017192859966588957e-10
2.070000000000001839e-01 3.005895028938422477e-10
2.073000000000001786e-01 2.994655772498553068e-10
2.076000000000002010e-01 2.983474702852060938e-10
2.079000000000001680e-01 2.972351435326685326e-10
2.082000000000001905e-01 2.961285588343214016e-10
2.085000000000001852e-01 2.950276783386207868e-10
2.088000000000001799e-01 2.939324644975037603e-10
2.091000000000002024e-01 2.928428800635240092e-10
2.093000000000001803e-01 2.921195996303636903e-10
2.096000000000002028e-01 2.910393155770333462e-10
2.099000000000001698e-01 2.899645630525455404e-10
2.102000000000001922e-01 2.888953058877042575e-10
2.105000000000002147e-01 2.878315082009664194e-10
2.108000000000001817e-01 2.867731343957495150e-10
2.111000000000002041e-01 2.857201491577658563e-10
2.114000000000001711e-01 2.846725174523881110e-10
2.117000000000001936e-01 2.836302045220408920e-10
2.120000000000002160e-01 2.825931758836222808e-10
2.123000000000001830e-01 2.815613973259514058e-10
2.126000000000002055e-01 2.805348349072439394e-10
2.129000000000001724e-01 2.795134549526147360e-10
2.131000000000002059e-01 2.788353976197729732e-10
2.134000000000001729e-01 2.778225809892885672e-10
2.137000000000001954e-01 2.768148583093204142e-10
2.140000000000001901e-01 2.758121968626724024e-10
2.143000000000001848e-01 2.748145641877391124e-10
2.146000000000002073e-01 2.738219280761546601e-10
2.149000000000001742e-01 2.728342565704678535e-10
2.152000000000001967e-01 2.718515179618392188e-10
2.155000000000001914e-01 2.708736807877656848e-10
2.158000000000001861e-01 2.699007138298261537e-10
2.161000000000002086e-01 2.689325861114524567e-10
2.164000000000002033e-01 2.679692668957235730e-10
2.167000000000001980e-01 2.670107256831825452e-10
2.169000000000002037e-01 2.663743376994913227e-10
2.172000000000001985e-01 2.654236926871556189e-10
2.175000000000001932e-01 2.644777454907033767e-10
2.178000000000001879e-01 2.635364664630711817e-10
2.181000000000002104e-01 2.625998261847708421e-10
2.184000000000002051e-01 2.616677954618328106e-10
2.187000000000001998e-01 2.607403453237715277e-10
2.190000000000001945e-01 2.598174470215700985e-10
2.193000000000001892e-01 2.588990720256877188e-10
2.196000000000002117e-01 2.579851920240865390e-10
2.199000000000002064e-01 2.570757789202793622e-10
2.202000000000002011e-01 2.561708048313978164e-10
2.205000000000001958e-01 2.552702420862792920e-10
2.207000000000002016e-01 2.546723040996647139e-10
2.210000000000001963e-01 2.537790326716955100e-10
2.213000000000001910e-01 2.528900998184004822e-10
2.216000000000001857e-01 2.520054786288286772e-10
2.219000000000002082e-01 2.511251423950685852e-10
2.222000000000002029e-01 2.502490646104437997e-10
2.225000000000001976e-01 2.493772189677279617e-10
2.228000000000002201e-01 2.485095793573782647e-10
2.231000000000001871e-01 2.476461198657855013e-10
2.234000000000002095e-01 2.467868147735436021e-10
2.237000000000002042e-01 2.459316385537358723e-10
2.240000000000001990e-01 2.450805658702383410e-10
2.243000000000002214e-01 2.442335715760413596e-10
2.245000000000001994e-01 2.436711621517051657e-10
2.248000000000002219e-01 2.428309097991487585e-10
2.251000000000001888e-01 2.419946696891710428e-10
2.254000000000002113e-01 2.411624173540876022e-10
2.257000000000002060e-01 2.403341285077148170e-10
2.260000000000002007e-01 2.395097790437831775e-10
2.263000000000002232e-01 2.386893450343693626e-10
2.266000000000001902e-01 2.378728027283417094e-10
2.269000000000002126e-01 2.370601285498225357e-10
2.272000000000001796e-01 2.362512990966658178e-10
2.275000000000002021e-01 2.354462911389490850e-10
2.278000000000002245e-01 2.346450816174818578e-10
2.280000000000002025e-01 2.341130408682712007e-10
2.283000000000002250e-01 2.333181112902804538e-10
2.286000000000001919e-01 2.325269194808625620e-10
2.289000000000002144e-01 2.317394429943130178e-10
2.292000000000002091e-01 2.309556595488894518e-10
2.295000000000002038e-01 2.301755470253999977e-10
2.298000000000002263e-01 2.293990834658075539e-10
2.301000000000001933e-01 2.286262470718473585e-10
2.304000000000002157e-01 2.278570162036581079e-10
2.307000000000002105e-01 2.270913693784262863e-10
2.310000000000002052e-01 2.263292852690447880e-10
2.313000000000002276e-01 2.255707427027832771e-10
2.316000000000001946e-01 2.248157206599732282e-10
2.318000000000002281e-01 2.243143181664477872e-10
2.321000000000001950e-01 2.235651173639474257e-10
2.324000000000002175e-01 2.228193817708803581e-10
2.327000000000002122e-01 2.220770909177527642e-10
2.330000000000002069e-01 2.213382244821601320e-10
2.333000000000002017e-01 2.206027622875425318e-10
2.336000000000001964e-01 2.198706843019526083e-10
2.339000000000002188e-01 2.191419706368347911e-10
2.342000000000002136e-01 2.184166015458168877e-10
2.345000000000002083e-01 2.176945574235133850e-10
2.348000000000002030e-01 2.169758188043395058e-10
2.351000000000002255e-01 2.162603663613380593e-10
2.354000000000002202e-01 2.155481809050167614e-10
2.356000000000002259e-01 2.150751961788500852e-10
2.359000000000002206e-01 2.143684134267303162e-10
2.362000000000002153e-01 2.136648471526406225e-10
2.365000000000002101e-01 2.129644786613607758e-10
2.368000000000002048e-01 2.122672893898562324e-10
2.371000000000002272e-01 2.115732609061783716e-10
2.374000000000002220e-01 2.108823749083742447e-10
2.377000000000002167e-01 2.101946132234066140e-10
2.380000000000002114e-01 2.095099578060855197e-10
2.383000000000002061e-01 2.088283907380085058e-10
2.386000000000002286e-01 2.081498942265120661e-10
2.389000000000002233e-01 2.074744506036323947e-10
2.392000000000002180e-01 2.068020423250764509e-10
2.394000000000001960e-01 2.063554478334778746e-10
2.397000000000002184e-01 2.056880598074801561e-10
2.400000000000002132e-01 2.050236609379157719e-10
2.403000000000002079e-01 2.043622341253031702e-10
2.406000000000002303e-01 2.037037623891565982e-10
2.409000000000001973e-01 2.030482288670109592e-10
2.412000000000002198e-01 2.023956168134557180e-10
2.415000000000002423e-01 2.017459095991783951e-10
2.418000000000002092e-01 2.010990907100165408e-10
2.421000000000002317e-01 2.004551437460188845e-10
2.424000000000001986e-01 1.998140524205150673e-10
2.427000000000002211e-01 1.991758005591944468e-10
2.430000000000002436e-01 1.985403720991933035e-10
2.432000000000002216e-01 1.981183137999363450e-10
2.435000000000002440e-01 1.974875556133815905e-10
2.438000000000002110e-01 1.968595785318443387e-10
2.441000000000002335e-01 1.962343668934266165e-10
2.444000000000002004e-01 1.956119051435295282e-10
2.447000000000002229e-01 1.949921778339867063e-10
2.450000000000002454e-01 1.943751696222075071e-10
2.453000000000002123e-01 1.937608652703268248e-10
2.456000000000002348e-01 1.931492496443635377e-10
2.459000000000002017e-01 1.925403077133867629e-10
2.462000000000002242e-01 1.919340245486890366e-10
2.465000000000002189e-01 1.913303853229680780e-10
2.468000000000002137e-01 1.907293753095158678e-10
2.470000000000002194e-01 1.903301554134448736e-10
2.473000000000002141e-01 1.897334949650965018e-10
2.476000000000002366e-01 1.891394249434987335e-10
2.479000000000002313e-01 1.885479309839682693e-10
2.482000000000002260e-01 1.879589988187276211e-10
2.485000000000002207e-01 1.873726142761358346e-10
2.488000000000002154e-01 1.867887632799255436e-10
2.491000000000002379e-01 1.862074318484470054e-10
2.494000000000002326e-01 1.856286060939193464e-10
2.497000000000002273e-01 1.850522722216884268e-10
2.500000000000002220e-01 1.844784165294911402e-10
2.503000000000001890e-01 1.839070254067274179e-10
2.506000000000002115e-01 1.833380853337372722e-10
2.508000000000001894e-01 1.829601470105514335e-10
2.511000000000002119e-01 1.823952622215634322e-10
2.514000000000002344e-01 1.818327928690999448e-10
2.517000000000002014e-01 1.812727257608773051e-10
2.520000000000002238e-01 1.807150477922675817e-10
2.523000000000001908e-01 1.801597459456137764e-10
2.526000000000002133e-01 1.796068072895490538e-10
2.529000000000002357e-01 1.790562189783241408e-10
2.532000000000002027e-01 1.785079682511391967e-10
2.535000000000002252e-01 1.779620424314822759e-10
2.538000000000002476e-01 1.774184289264740972e-10
2.541000000000002146e-01 1.768771152262179317e-10
2.544000000000002371e-01 1.763380889031555653e-10
2.546000000000002150e-01 1.759800026861589170e-10
2.549000000000002375e-01 1.754447612632401413e-10
2.552000000000002045e-01 1.749117744750699074e-10
2.555000000000002269e-01 1.743810301905816213e-10
2.558000000000002494e-01 1.738525163581174072e-10
2.561000000000002719e-01 1.733262210048161754e-10
2.564000000000001833e-01 1.728021322360066520e-10
2.567000000000002058e-01 1.722802382346058122e-10
2.570000000000002283e-01 1.717605272605235685e-10
2.573000000000002507e-01 1.712429876500715178e-10
2.576000000000002732e-01 1.707276078153774008e-10
2.579000000000001847e-01 1.702143762438051448e-10
2.582000000000002071e-01 1.697032814973791205e-10
2.584000000000001851e-01 1.693637331766828323e-10
2.587000000000002076e-01 1.688561745887546937e-10
2.590000000000002300e-01 1.683507226853922482e-10
2.593000000000002525e-01 1.678473662975353788e-10
2.596000000000002750e-01 1.673460943281665144e-10
2.599000000000001864e-01 1.668468957517629584e-10
2.602000000000002089e-01 1.663497596137545171e-10
2.605000000000002314e-01 1.658546750299860131e-10
2.608000000000002538e-01 1.653616311861843740e-10
2.611000000000002763e-01 1.648706173374298058e-10
2.614000000000001878e-01 1.643816228076322389e-10
2.617000000000002102e-01 1.638946369890118591e-10
2.620000000000002327e-01 1.634096493415850405e-10
2.622000000000002107e-01 1.630874291639514736e-10
2.625000000000002331e-01 1.626057485621822874e-10
2.628000000000002556e-01 1.621260383525623300e-10
2.631000000000002781e-01 1.616482882393599607e-10
2.634000000000001895e-01 1.611724879922956002e-10
2.637000000000002120e-01 1.606986274460514202e-10
2.640000000000002345e-01 1.602266964997860977e-10
2.643000000000002570e-01 1.597566851166526728e-10
2.646000000000002794e-01 1.592885833233212908e-10
2.649000000000002464e-01 1.588223812095057967e-10
2.652000000000002133e-01 1.583580689274945947e-10
2.655000000000002358e-01 1.578956366916848675e-10
2.658000000000002583e-01 1.574350747781219661e-10
2.660000000000002363e-01 1.571290677960882784e-10
2.663000000000002587e-01 1.566716016434721224e-10
2.666000000000002812e-01 1.562159801804797305e-10
2.669000000000002482e-01 1.557621939053146259e-10
2.672000000000002151e-01 1.553102333757268408e-10
2.675000000000002376e-01 1.548600892085733735e-10
2.678000000000002601e-01 1.544117520793825748e-10
2.681000000000002825e-01 1.539652127219219454e-10
2.684000000000002495e-01 1.535204619277700189e-10
2.687000000000002164e-01 1.530774905458912422e-10
2.690000000000002389e-01 1.526362894822148892e-10
2.693000000000002614e-01 1.521968496992177997e-10
2.696000000000002284e-01 1.517591622155098584e-10
2.698000000000002618e-01 1.514683396492919312e-10
2.701000000000002288e-01 1.510335528569156904e-10
2.704000000000002513e-01 1.506004946847724645e-10
2.707000000000002182e-01 1.501691563538073146e-10
2.710000000000002407e-01 1.497395291392114703e-10
2.713000000000002632e-01 1.493116043700279455e-10
2.716000000000002301e-01 1.488853734287600235e-10
2.719000000000002526e-01 1.484608277509828698e-10
2.722000000000002196e-01 1.480379588249587124e-10
2.725000000000002420e-01 1.476167581912551751e-10
2.728000000000002645e-01 1.471972174423666360e-10
2.731000000000002315e-01 1.467793282223391265e-10
2.734000000000002539e-01 1.463630822263975577e-10
2.736000000000002319e-01 1.460864937199280072e-10
2.739000000000002544e-01 1.456729681135776693e-10
2.742000000000002213e-01 1.452610638326584327e-10
2.745000000000002438e-01 1.448507727569168434e-10
2.748000000000002663e-01 1.444420868155820894e-10
2.751000000000002332e-01 1.440349979870105459e-10
2.754000000000002557e-01 1.436294982983337065e-10
2.757000000000002227e-01 1.432255798251088805e-10
2.760000000000002451e-01 1.428232346909725262e-10
2.763000000000002676e-01 1.424224550672971525e-10
2.766000000000002346e-01 1.420232331728504685e-10
2.769000000000002570e-01 1.416255612734570922e-10
2.772000000000002795e-01 1.412294316816638790e-10
2.774000000000002575e-01 1.409661983494269350e-10
2.777000000000002800e-01 1.405726223129185099e-10
2.780000000000002469e-01 1.401805683100344983e-10
2.783000000000002694e-01 1.397900288218124748e-10
2.786000000000002363e-01 1.394009963744836993e-10
2.789000000000002588e-01 1.390134635391537470e-10
2.792000000000002813e-01 1.386274229314846904e-10
2.795000000000002482e-01 1.382428672113803313e-10
2.798000000000002707e-01 1.378597890826742502e-10
2.801000000000002377e-01 1.374781812928202081e-10
2.804000000000002601e-01 1.370980366325849265e-10
2.807000000000002826e-01 1.367193479357432456e-10
2.810000000000002496e-01 1.363421080787763063e-10
2.812000000000002831e-01 1.360914162532579223e-10
2.815000000000002500e-01 1.357165754144165737e-10
2.818000000000002170e-01 1.353431646259129764e-10
2.821000000000002395e-01 1.349711769182712737e-10
2.824000000000002619e-01 1.346006053633433875e-10
2.827000000000002844e-01 1.342314430740206165e-10
2.830000000000002514e-01 1.338636832039471738e-10
2.833000000000002183e-01 1.334973189472359722e-10
2.836000000000002408e-01 1.331323435381875125e-10
2.839000000000002633e-01 1.327687502510097790e-10
2.842000000000002857e-01 1.324065323995413411e-10
2.845000000000002527e-01 1.320456833369762383e-10
2.848000000000002196e-01 1.316861964555910103e-10
2.850000000000002531e-01 1.314472920564938086e-10
2.853000000000002201e-01 1.310900608985391500e-10
2.856000000000002426e-01 1.307341744901880481e-10
2.859000000000002650e-01 1.303796263647209640e-10
2.862000000000002875e-01 1.300264100932561075e-10
2.865000000000002545e-01 1.296745192844891852e-10
2.868000000000002214e-01 1.293239475844338728e-10
2.871000000000002439e-01 1.289746886761660610e-10
2.874000000000002664e-01 1.286267362795686962e-10
2.877000000000002888e-01 1.282800841510794646e-10
2.880000000000002558e-01 1.279347260834400532e-10
2.883000000000002228e-01 1.275906559054473749e-10
2.886000000000002452e-01 1.272478674817074049e-10
2.888000000000002232e-01 1.270200509378586267e-10
2.891000000000002457e-01 1.266793852334807197e-10
2.894000000000002681e-01 1.263399850955143493e-10
2.897000000000002906e-01 1.260018445177848545e-10
2.900000000000003131e-01 1.256649575288007660e-10
2.903000000000002245e-01 1.253293181915177499e-10
2.906000000000002470e-01 1.249949206031045153e-10
2.909000000000002695e-01 1.246617588947107389e-10
2.912000000000002919e-01 1.243298272312367463e-10
2.915000000000003144e-01 1.239991198111045903e-10
2.918000000000002259e-01 1.236696308660316356e-10
2.921000000000002483e-01 1.233413546608050750e-10
2.924000000000002708e-01 1.230142854930589779e-10
2.926000000000002488e-01 1.227969071563984343e-10
2.929000000000002712e-01 1.224718371343743131e-10
2.932000000000002937e-01 1.221479591024260569e-10
2.935000000000003162e-01 1.218252674767433447e-10
2.938000000000002276e-01 1.215037567053431289e-10
2.941000000000002501e-01 1.211834212678559643e-10
2.944000000000002726e-01 1.208642556753143272e-10
2.947000000000002951e-01 1.205462544699418392e-10
2.950000000000003175e-01 1.202294122249446892e-10
2.953000000000002290e-01 1.199137235443045530e-10
2.956000000000002514e-01 1.195991830625728329e-10
2.959000000000002739e-01 1.192857854446668348e-10
2.962000000000002964e-01 1.189735253856672897e-10
2.964000000000002744e-01 1.187659813840273823e-10
2.967000000000002968e-01 1.184556055491188477e-10
2.970000000000002638e-01 1.181463532726086237e-10
2.973000000000002307e-01 1.178382193584699013e-10
2.976000000000002532e-01 1.175311986399150260e-10
2.979000000000002757e-01 1.172252859792018858e-10
2.982000000000002982e-01 1.169204762674412556e-10
2.985000000000002651e-01 1.166167644244062872e-10
2.988000000000002321e-01 1.163141453983427878e-10
2.991000000000002546e-01 1.160126141657814885e-10
2.994000000000002770e-01 1.157121657313514119e-10
2.997000000000002995e-01 1.154127951275948938e-10
3.000000000000002665e-01 1.151144974147837423e-10
