1.000000000000000021e-03 6.131374339995934175e-01
1.200000000000000112e-03 1.131468543179141167e-01
1.500000000000000465e-03 9.151770005767703720e-02
1.800000000000000818e-03 5.867659053875404207e-02
2.100000000000001171e-03 2.336497488907549741e-02
2.400000000000001091e-03 3.238885546673869742e-02
2.700000000000001444e-03 1.258245866625073636e-02
3.000000000000001797e-03 1.142664057581222956e-02
3.300000000000002150e-03 8.288289847125278678e-03
3.600000000000002504e-03 5.980850050283490274e-03
3.900000000000002857e-03 7.489852770650082779e-03
4.200000000000003210e-03 3.539344807708355318e-03
4.500000000000003997e-03 3.164298464813038170e-03
4.700000000000002787e-03 2.494075467527179409e-03
5.000000000000003574e-03 1.911132581408197693e-03
5.300000000000004360e-03 1.539845303624671818e-03
5.600000000000004280e-03 1.237528028788270921e-03
5.900000000000004199e-03 9.942229776418313233e-04
6.200000000000004986e-03 7.974627957404804282e-04
6.500000000000005773e-03 2.580097040247032649e-03
6.800000000000005693e-03 5.178634419831622260e-04
7.100000000000004745e-03 4.147886742557386716e-04
7.400000000000005532e-03 3.371256144780683311e-04
7.700000000000006319e-03 9.157687856609984627e-04
8.000000000000007105e-03 2.241506324258026994e-04
8.300000000000007025e-03 3.257517297947276256e-04
8.500000000000007550e-03 1.792470989023259992e-04
8.800000000000007469e-03 1.402925735601269421e-04
9.100000000000007389e-03 1.226238117996558533e-04
9.400000000000007308e-03 9.477607094077891508e-05
9.700000000000008962e-03 7.828703082133648143e-05
1.000000000000000715e-02 6.435196442730404382e-05
1.030000000000000880e-02 5.320834150934965163e-05
1.060000000000000872e-02 4.397820755396538627e-05
1.090000000000000864e-02 3.638627308964676235e-05
1.120000000000001029e-02 3.013629867949609085e-05
1.150000000000000848e-02 2.498821599212603880e-05
1.180000000000001013e-02 2.074438594739568543e-05
1.210000000000001005e-02 1.724017203459646589e-05
1.230000000000001058e-02 1.524853769957886089e-05
1.260000000000001050e-02 1.269706439873214455e-05
1.290000000000001042e-02 1.058543351234953738e-05
1.320000000000001034e-02 8.836042561266212604e-06
1.350000000000001026e-02 7.385249982080117750e-06
1.380000000000001191e-02 6.180833324730979632e-06
1.410000000000001183e-02 5.179889576065884381e-06
1.440000000000001348e-02 4.349016138312168151e-06
1.470000000000001167e-02 3.657269956252599602e-06
1.500000000000001332e-02 3.080500114723469236e-06
1.530000000000001324e-02 2.600069449408242697e-06
1.560000000000001316e-02 2.199272170881602806e-06
1.590000000000001482e-02 1.863864647771798036e-06
1.610000000000001708e-02 1.672038017423719539e-06
1.640000000000001179e-02 1.422893849871344478e-06
1.670000000000001344e-02 1.214845320537097735e-06
1.700000000000001510e-02 1.039818437574037032e-06
1.730000000000001675e-02 8.932266395097367473e-07
1.760000000000001494e-02 7.696171387682145460e-07
1.790000000000001659e-02 6.658308701368526846e-07
1.820000000000001825e-02 5.779929335811880582e-07
1.850000000000001296e-02 5.039375880916973882e-07
1.880000000000001462e-02 4.410776625935318338e-07
1.910000000000001627e-02 3.879619116393713173e-07
1.940000000000001792e-02 3.428160807093443169e-07
1.970000000000001611e-02 3.043284089030484750e-07
1.990000000000001837e-02 2.819281868541907675e-07
2.020000000000001655e-02 2.523470036882500442e-07
2.050000000000001821e-02 2.269597610596420998e-07
2.080000000000001986e-02 2.051854122049909527e-07
2.110000000000001805e-02 1.863604491829608339e-07
2.140000000000001970e-02 1.700682077209148975e-07
2.170000000000001789e-02 1.559476764962837809e-07
2.200000000000001954e-02 1.436168311143521517e-07
2.230000000000001772e-02 1.328203814201715933e-07
2.260000000000001938e-02 1.233625105789504740e-07
2.290000000000002103e-02 1.150065933148958914e-07
2.320000000000002269e-02 1.075959024819779412e-07
2.350000000000002087e-02 1.010168674308508305e-07
2.370000000000001966e-02 9.702733810623117419e-08
2.400000000000002132e-02 9.155644448810118604e-08
2.430000000000002297e-02 8.662759013851669568e-08
2.460000000000002462e-02 8.217684768228690129e-08
2.490000000000001934e-02 7.813776625342315831e-08
2.520000000000002099e-02 7.445204448561585841e-08
2.550000000000002265e-02 7.107581788522242547e-08
2.580000000000002083e-02 6.797411304377262125e-08
2.610000000000002249e-02 6.511482798635336865e-08
2.640000000000002414e-02 6.246581959702986611e-08
2.670000000000002580e-02 6.000363782954562707e-08
2.700000000000002051e-02 5.770803709176527132e-08
2.730000000000002217e-02 5.556367600022569762e-08
2.750000000000002442e-02 5.420939086240121308e-08
2.780000000000002608e-02 5.228021043916302809e-08
2.810000000000002426e-02 5.046330576447585658e-08
2.840000000000002245e-02 4.874831650493098655e-08
2.870000000000002410e-02 4.712649822166719999e-08
2.900000000000002576e-02 4.559027834559011999e-08
2.930000000000002741e-02 4.413155811453194951e-08
2.960000000000002560e-02 4.274419870924546151e-08
2.990000000000002725e-02 4.142274943801280970e-08
3.020000000000002544e-02 4.016235277299357130e-08
3.050000000000002709e-02 3.895889337898173181e-08
3.080000000000002527e-02 3.780840754249236667e-08
3.110000000000002693e-02 3.670713061445858541e-08
3.130000000000002919e-02 3.599872397181860006e-08
3.160000000000002390e-02 3.497264416802244223e-08
3.190000000000002556e-02 3.398805119916858037e-08
3.220000000000003415e-02 3.304251551181351183e-08
3.250000000000002887e-02 3.213390627596177074e-08
3.280000000000002358e-02 3.126012314823633054e-08
3.310000000000003217e-02 3.041923553641811861e-08
3.340000000000002689e-02 2.960952507248037362e-08
3.370000000000002854e-02 2.882940224672728599e-08
3.400000000000003020e-02 2.807739311990892887e-08
3.430000000000003185e-02 2.735212737779571943e-08
3.460000000000003351e-02 2.665233516615664673e-08
3.490000000000002822e-02 2.597684720156102468e-08
3.510000000000003395e-02 2.553944750687532339e-08
3.540000000000003560e-02 2.490195602288630691e-08
3.570000000000003032e-02 2.428590986785947969e-08
3.600000000000003197e-02 2.369036877593785611e-08
3.630000000000003363e-02 2.311444726413824598e-08
3.660000000000002834e-02 2.255731043395120582e-08
3.690000000000003694e-02 2.201816977894579194e-08
3.720000000000003165e-02 2.149628295004897182e-08
3.750000000000003331e-02 2.099094685837957743e-08
3.780000000000003496e-02 2.050148472646144499e-08
3.810000000000002968e-02 2.002726297157884415e-08
3.840000000000003827e-02 1.956768004358076909e-08
3.870000000000003298e-02 1.912216423172508650e-08
3.890000000000003177e-02 1.883269914998469370e-08
3.920000000000003343e-02 1.840943324721590154e-08
3.950000000000003508e-02 1.799884191769673723e-08
3.980000000000003674e-02 1.760044777300744812e-08
4.010000000000003839e-02 1.721379571956918801e-08
4.040000000000003311e-02 1.683845294139247395e-08
4.070000000000004170e-02 1.647400274305485512e-08
4.100000000000003642e-02 1.612004922759302856e-08
4.130000000000003113e-02 1.577621404055321163e-08
4.160000000000003972e-02 1.544213541617899142e-08
4.190000000000003444e-02 1.511746729513738638e-08
4.220000000000003609e-02 1.480187849954753728e-08
4.250000000000003775e-02 1.449505195321698906e-08
4.270000000000003654e-02 1.429521833780239228e-08
4.300000000000003819e-02 1.400232697173260333e-08
4.330000000000003985e-02 1.371741592683582513e-08
4.360000000000003456e-02 1.344021402319591980e-08
4.390000000000004315e-02 1.317046133331704798e-08
4.420000000000003787e-02 1.290790801718706543e-08
4.450000000000003952e-02 1.265231458053667090e-08
4.480000000000004118e-02 1.240345109404032101e-08
4.510000000000003589e-02 1.216109674329407564e-08
4.540000000000004449e-02 1.192503940444228768e-08
4.570000000000003920e-02 1.169507523928985552e-08
4.600000000000004086e-02 1.147100831775184845e-08
4.630000000000004251e-02 1.125265025617384954e-08
4.650000000000004130e-02 1.111016004734513119e-08
4.680000000000004295e-02 1.090091754953209585e-08
4.710000000000004461e-02 1.069691591846029173e-08
4.740000000000003932e-02 1.049799166174124208e-08
4.770000000000004098e-02 1.030398738912496560e-08
4.800000000000004263e-02 1.011475156978511234e-08
4.830000000000003735e-02 9.930138206053686202e-09
4.860000000000004594e-02 9.750006671429730997e-09
4.890000000000004066e-02 9.574221457301333530e-09
4.920000000000004925e-02 9.402651953879390005e-09
4.950000000000004396e-02 9.235172243872021816e-09
4.980000000000003868e-02 9.071660906174073981e-09
5.010000000000004727e-02 8.912000829073154476e-09
5.030000000000004606e-02 8.807644409288422010e-09
5.060000000000004772e-02 8.654153995573593149e-09
5.090000000000004243e-02 8.504222285415172256e-09
5.120000000000004409e-02 8.357746507891516180e-09
5.150000000000004574e-02 8.214627439529121610e-09
5.180000000000004740e-02 8.074769261880126354e-09
5.210000000000004211e-02 7.938079425689758384e-09
5.240000000000005070e-02 7.804468521247904586e-09
5.270000000000004542e-02 7.673850154552913732e-09
5.300000000000004707e-02 7.546140830357006123e-09
5.330000000000004873e-02 7.421259835312264261e-09
5.360000000000004344e-02 7.299129133936789784e-09
5.390000000000005204e-02 7.179673264488164883e-09
5.410000000000004389e-02 7.101485894037396339e-09
5.440000000000005248e-02 6.986327063997862686e-09
5.470000000000004720e-02 6.873653679470599438e-09
5.500000000000004885e-02 6.763398903053714757e-09
5.530000000000005050e-02 6.655498045841388990e-09
5.560000000000005216e-02 6.549888487173192257e-09
5.590000000000004687e-02 6.446509597801950929e-09
5.620000000000004853e-02 6.345302666304757661e-09
5.650000000000005018e-02 6.246210828594806108e-09
5.680000000000004490e-02 6.149179000382274229e-09
5.710000000000005349e-02 6.054153812443480818e-09
5.740000000000004821e-02 5.961083548574534281e-09
5.770000000000005680e-02 5.869918086096305046e-09
5.790000000000004865e-02 5.810175279353738216e-09
5.820000000000005724e-02 5.722077250415059902e-09
5.850000000000005196e-02 5.635757726378697583e-09
5.880000000000005361e-02 5.551171956700187542e-09
5.910000000000005527e-02 5.468276537230275421e-09
5.940000000000004998e-02 5.387029363082354343e-09
5.970000000000005164e-02 5.307389583449590070e-09
6.000000000000005329e-02 5.229317558244518612e-09
6.030000000000005494e-02 5.152774816368216111e-09
6.060000000000004966e-02 5.077724015646489951e-09
6.090000000000005825e-02 5.004128904328499068e-09
6.120000000000005297e-02 4.931954284080329505e-09
6.150000000000006156e-02 4.861165974407922352e-09
6.170000000000005341e-02 4.814727507511868274e-09
6.200000000000005507e-02 4.746176415471103862e-09
6.230000000000005672e-02 4.678925206093816631e-09
6.260000000000005838e-02 4.612943148064406225e-09
6.290000000000005309e-02 4.548200379043914153e-09
6.320000000000004781e-02 4.484667877108331726e-09
6.350000000000005640e-02 4.422317433255752714e-09
6.380000000000005111e-02 4.361121624937355577e-09
6.410000000000004583e-02 4.301053790569652693e-09
6.440000000000006830e-02 4.242088004987023898e-09
6.470000000000006302e-02 4.184199055795929020e-09
6.500000000000005773e-02 4.127362420593400894e-09
6.530000000000005245e-02 4.071554245014635571e-09
6.550000000000005818e-02 4.034908674600416828e-09
6.580000000000005289e-02 3.980763336401376597e-09
6.610000000000004761e-02 3.927585953656122623e-09
6.640000000000007008e-02 3.875354946166257524e-09
6.670000000000006479e-02 3.824049309334987186e-09
6.700000000000005951e-02 3.773648596317098326e-09
6.730000000000005422e-02 3.724132900797795575e-09
6.760000000000006282e-02 3.675482840378818574e-09
6.790000000000005753e-02 3.627679540545527317e-09
6.820000000000006612e-02 3.580704619192227273e-09
6.850000000000006084e-02 3.534540171684674303e-09
6.880000000000005556e-02 3.489168756438626518e-09
6.910000000000006415e-02 3.444573380994429076e-09
6.930000000000005600e-02 3.415266070198091976e-09
6.960000000000006459e-02 3.371927510826369800e-09
6.990000000000005931e-02 3.329321772921812506e-09
7.020000000000006790e-02 3.287433399188101072e-09
7.050000000000006262e-02 3.246247322486594347e-09
7.080000000000007121e-02 3.205748854383584993e-09
7.110000000000006593e-02 3.165923674080466425e-09
7.140000000000006064e-02 3.126757817712417409e-09
7.170000000000005536e-02 3.088237668001906187e-09
7.200000000000006395e-02 3.050349944253788769e-09
7.230000000000007254e-02 3.013081692679369094e-09
7.260000000000006726e-02 2.976420277037296663e-09
7.290000000000006197e-02 2.940353369579671484e-09
7.310000000000006770e-02 2.916633095095407345e-09
7.340000000000006242e-02 2.881530449862363985e-09
7.370000000000005713e-02 2.846990881284910621e-09
7.400000000000006573e-02 2.813003119934809841e-09
7.430000000000007432e-02 2.779556166345275721e-09
7.460000000000006903e-02 2.746639283488542041e-09
7.490000000000006375e-02 2.714241989492235905e-09
7.520000000000005846e-02 2.682354050586029335e-09
7.550000000000006706e-02 2.650965474270412020e-09
7.580000000000007565e-02 2.620066502699754721e-09
7.610000000000007037e-02 2.589647606272096277e-09
7.640000000000006508e-02 2.559699477418456080e-09
7.660000000000007081e-02 2.539991097355163996e-09
7.690000000000006553e-02 2.510807481699560318e-09
7.720000000000007412e-02 2.482070853746986059e-09
7.750000000000006883e-02 2.453772669953713454e-09
7.780000000000006355e-02 2.425904582266078039e-09
7.810000000000007214e-02 2.398458432916388456e-09
7.840000000000006686e-02 2.371426249376681764e-09
7.870000000000007545e-02 2.344800239464945917e-09
7.900000000000007017e-02 2.318572786598663935e-09
7.930000000000006488e-02 2.292736445190695188e-09
7.960000000000007347e-02 2.267283936182701914e-09
7.990000000000008207e-02 2.242208142711532212e-09
8.020000000000007678e-02 2.217502105904096842e-09
8.040000000000008251e-02 2.201233468378481368e-09
8.070000000000007723e-02 2.177128644743302250e-09
8.100000000000007194e-02 2.153375762516862031e-09
8.130000000000006666e-02 2.129968408109687146e-09
8.160000000000006137e-02 2.106900307876190377e-09
8.190000000000008384e-02 2.084165324561485924e-09
8.220000000000007856e-02 2.061757453851008966e-09
8.250000000000007327e-02 2.039670821019613617e-09
8.280000000000006799e-02 2.017899677676922447e-09
8.310000000000007658e-02 1.996438398605834735e-09
8.340000000000008518e-02 1.975281478691197408e-09
8.370000000000007989e-02 1.954423529935749332e-09
8.400000000000007461e-02 1.933859278560573258e-09
8.420000000000008034e-02 1.920310389031204660e-09
8.450000000000007505e-02 1.900224215108665207e-09
8.480000000000006977e-02 1.880418212377990916e-09
8.510000000000007836e-02 1.860887502348150073e-09
8.540000000000007307e-02 1.841627308256087363e-09
8.570000000000008167e-02 1.822632952597976454e-09
8.600000000000007638e-02 1.803899854728753436e-09
8.630000000000008498e-02 1.785423528527825958e-09
8.660000000000007969e-02 1.767199580128899398e-09
8.690000000000007441e-02 1.749223705711941270e-09
8.720000000000006912e-02 1.731491689355396000e-09
8.750000000000007772e-02 1.713999400946782958e-09
8.780000000000008631e-02 1.696742794149907536e-09
8.800000000000007816e-02 1.685367362743203641e-09
8.830000000000008675e-02 1.668494788070015093e-09
8.860000000000008147e-02 1.651847499477902692e-09
8.890000000000007618e-02 1.635421741288137783e-09
8.920000000000007090e-02 1.619213832811450765e-09
8.950000000000009337e-02 1.603220166605187594e-09
8.980000000000008809e-02 1.587437206776645929e-09
9.010000000000008280e-02 1.571861487331206607e-09
9.040000000000007752e-02 1.556489610563939056e-09
9.070000000000007223e-02 1.541318245493404495e-09
9.100000000000008082e-02 1.526344126336398784e-09
9.130000000000008942e-02 1.511564051022453500e-09
9.160000000000008413e-02 1.496974879746907833e-09
9.180000000000008986e-02 1.487353300431323668e-09
9.210000000000008458e-02 1.473075489875653262e-09
9.240000000000007929e-02 1.458980504352561120e-09
9.270000000000008789e-02 1.445065420579952584e-09
9.300000000000008260e-02 1.431327371267358911e-09
9.330000000000009119e-02 1.417763543867455786e-09
9.360000000000008591e-02 1.404371179359327589e-09
9.390000000000008062e-02 1.391147571062559436e-09
9.420000000000008922e-02 1.378090063481287012e-09
9.450000000000008393e-02 1.365196051177354686e-09
9.480000000000007865e-02 1.352462977671752452e-09
9.510000000000008724e-02 1.339888334373548555e-09
9.540000000000009583e-02 1.327469659535528887e-09
9.560000000000008769e-02 1.319275997217877462e-09
9.590000000000009628e-02 1.307111923277691513e-09
9.620000000000009099e-02 1.295097474487123852e-09
9.650000000000008571e-02 1.283230352336160535e-09
9.680000000000008042e-02 1.271508300616735279e-09
9.710000000000007514e-02 1.259929104516299370e-09
9.740000000000009761e-02 1.248490589733537662e-09
9.770000000000009233e-02 1.237190621615626855e-09
9.800000000000008704e-02 1.226027104316439223e-09
9.830000000000008176e-02 1.214997979975130752e-09
9.860000000000007647e-02 1.204101227914550815e-09
9.890000000000009894e-02 1.193334863858944374e-09
9.920000000000009366e-02 1.182696939170420436e-09
9.940000000000009939e-02 1.175675398108761130e-09
9.970000000000009410e-02 1.165247303165775560e-09
1.000000000000000888e-01 1.154942619840097543e-09
1.003000000000000835e-01 1.144759523923461592e-09
1.006000000000000921e-01 1.134696223516017980e-09
1.009000000000000868e-01 1.124750958360042476e-09
1.012000000000000954e-01 1.114921999189304196e-09
1.015000000000000902e-01 1.105207647093698051e-09
1.018000000000000987e-01 1.095606232898731477e-09
1.021000000000000935e-01 1.086116116559471957e-09
1.024000000000000882e-01 1.076735686568584928e-09
1.027000000000000968e-01 1.067463359378086147e-09
1.030000000000000915e-01 1.058297578834462533e-09
1.032000000000000833e-01 1.052245494750099898e-09
1.035000000000000919e-01 1.043253906493728969e-09
1.038000000000001005e-01 1.034364844913167240e-09
1.041000000000000952e-01 1.025576849675148304e-09
1.044000000000000900e-01 1.016888485371511798e-09
1.047000000000000847e-01 1.008298341023778253e-09
1.050000000000000933e-01 9.998050295989529278e-10
1.053000000000001019e-01 9.914071875362765484e-10
1.056000000000000966e-01 9.831034742846427478e-10
1.059000000000000913e-01 9.748925718504098581e-10
1.062000000000000860e-01 9.667731843553535236e-10
1.065000000000001085e-01 9.587440376044948159e-10
1.068000000000001032e-01 9.508038786635645894e-10
1.070000000000000950e-01 9.455592677582398773e-10
1.073000000000001036e-01 9.377646939753362237e-10
1.076000000000000983e-01 9.300558676725091762e-10
1.079000000000000931e-01 9.224316104056370936e-10
1.082000000000001017e-01 9.148907631399182610e-10
1.085000000000000964e-01 9.074321858775543113e-10
1.088000000000001050e-01 9.000547572935805479e-10
1.091000000000000997e-01 8.927573743796419586e-10
1.094000000000000944e-01 8.855389520955196009e-10
1.097000000000001030e-01 8.783984230282191758e-10
1.100000000000000977e-01 8.713347370584402248e-10
1.103000000000000924e-01 8.643468610342402466e-10
1.106000000000001010e-01 8.574337784517239551e-10
1.108000000000000929e-01 8.528661140688441647e-10
1.111000000000001015e-01 8.460754725545851135e-10
1.114000000000000962e-01 8.393569928403316525e-10
1.117000000000001048e-01 8.327097168421594352e-10
1.120000000000000995e-01 8.261327017220851409e-10
1.123000000000000942e-01 8.196250196054834822e-10
1.126000000000001028e-01 8.131857573044784223e-10
1.129000000000001114e-01 8.068140160471685998e-10
1.132000000000001061e-01 8.005089112125458242e-10
1.135000000000001008e-01 7.942695720709762577e-10
1.138000000000000955e-01 7.880951415301065578e-10
1.141000000000000902e-01 7.819847758860775208e-10
1.144000000000001127e-01 7.759376445799108091e-10
1.146000000000001046e-01 7.719409495937049271e-10
1.149000000000001132e-01 7.659973981123453460e-10
1.152000000000001079e-01 7.601149286101754923e-10
1.155000000000001026e-01 7.542927567223410549e-10
1.158000000000000973e-01 7.485301101570039188e-10
1.161000000000001059e-01 7.428262284788718937e-10
1.164000000000001145e-01 7.371803628971631649e-10
1.167000000000001092e-01 7.315917760578891445e-10
1.170000000000001039e-01 7.260597418403694876e-10
1.173000000000000986e-01 7.205835451578760850e-10
1.176000000000001072e-01 7.151624817623133865e-10
1.179000000000001019e-01 7.097958580528423081e-10
1.182000000000001105e-01 7.044829908883596279e-10
1.184000000000001024e-01 7.009706114960940060e-10
1.187000000000001110e-01 6.957458483103756745e-10
1.190000000000001057e-01 6.905730697107333383e-10
1.193000000000001143e-01 6.854516293640713705e-10
1.196000000000001090e-01 6.803808905704028807e-10
1.199000000000001037e-01 6.753602260955898665e-10
1.202000000000000984e-01 6.703890180073984971e-10
1.205000000000001070e-01 6.654666575147911557e-10
1.208000000000001156e-01 6.605925448103882372e-10
1.211000000000001103e-01 6.557660889160262901e-10
1.214000000000001050e-01 6.509867075313472581e-10
1.217000000000000998e-01 6.462538268853476846e-10
1.220000000000001222e-01 6.415668815908267710e-10
1.222000000000001002e-01 6.384674955654086333e-10
1.225000000000001227e-01 6.338558750937795850e-10
1.228000000000001174e-01 6.292887221853046692e-10
1.231000000000001121e-01 6.247655009932513037e-10
1.234000000000001068e-01 6.202856834119319709e-10
1.237000000000001015e-01 6.158487489464157244e-10
1.240000000000001101e-01 6.114541845847424317e-10
1.243000000000001187e-01 6.071014846725841294e-10
1.246000000000001134e-01 6.027901507903004445e-10
1.249000000000001082e-01 5.985196916323422785e-10
1.252000000000001168e-01 5.942896228889437835e-10
1.255000000000001115e-01 5.900994671300646831e-10
1.258000000000001062e-01 5.859487536915242077e-10
1.260000000000001119e-01 5.832032943880838444e-10
1.263000000000001066e-01 5.791172902530223344e-10
1.266000000000001013e-01 5.750695055684399933e-10
1.269000000000000961e-01 5.710594935384105439e-10
1.272000000000001185e-01 5.670868136292121409e-10
1.275000000000001132e-01 5.631510314670631344e-10
1.278000000000001080e-01 5.592517187377634522e-10
1.281000000000001027e-01 5.553884530881999290e-10
1.284000000000001251e-01 5.515608180296830145e-10
1.287000000000000921e-01 5.477684028430667785e-10
1.290000000000001146e-01 5.440108024856235736e-10
1.293000000000001370e-01 5.402876174996339602e-10
1.296000000000001040e-01 5.365984539226558078e-10
1.298000000000001375e-01 5.341577202217529786e-10
1.301000000000001044e-01 5.305243981680367908e-10
1.304000000000001269e-01 5.269240731578188684e-10
1.307000000000000939e-01 5.233563706365315090e-10
1.310000000000001164e-01 5.198209211473491751e-10
1.313000000000001388e-01 5.163173602503489604e-10
1.316000000000001058e-01 5.128453284431263760e-10
1.319000000000001283e-01 5.094044710828481572e-10
1.322000000000000952e-01 5.059944383097100360e-10
1.325000000000001177e-01 5.026148849717650484e-10
1.328000000000001402e-01 4.992654705511084182e-10
1.331000000000001071e-01 4.959458590913766239e-10
1.334000000000001296e-01 4.926557191265404862e-10
1.336000000000001076e-01 4.904785038521952950e-10
1.339000000000001300e-01 4.872367584292408915e-10
1.342000000000001247e-01 4.840236220166015502e-10
1.345000000000001195e-01 4.808387790238497529e-10
1.348000000000001142e-01 4.776819180349741599e-10
1.351000000000001089e-01 4.745527317440370559e-10
1.354000000000001314e-01 4.714509168919601733e-10
1.357000000000001261e-01 4.683761742044260729e-10
1.360000000000001208e-01 4.653282083308609586e-10
1.363000000000001155e-01 4.623067277844865206e-10
1.366000000000001102e-01 4.593114448834192474e-10
1.369000000000001327e-01 4.563420756927890309e-10
1.372000000000001274e-01 4.533983399678680698e-10
1.374000000000001331e-01 4.514499535532113055e-10
1.377000000000001279e-01 4.485483273509974864e-10
1.380000000000001226e-01 4.456716049139369107e-10
1.383000000000001173e-01 4.428195190569519175e-10
1.386000000000001398e-01 4.399918060324182611e-10
1.389000000000001345e-01 4.371882054786285539e-10
1.392000000000001292e-01 4.344084603691329336e-10
1.395000000000001239e-01 4.316523169629521476e-10
1.398000000000001186e-01 4.289195247556326047e-10
1.401000000000001411e-01 4.262098364311373951e-10
1.404000000000001358e-01 4.235230078145515153e-10
1.407000000000001305e-01 4.208587978255878551e-10
1.410000000000001252e-01 4.182169684328809714e-10
1.412000000000001310e-01 4.164680663171417891e-10
1.415000000000001257e-01 4.138630170985475415e-10
1.418000000000001204e-01 4.112797282923748959e-10
1.421000000000001429e-01 4.087179726678713173e-10
1.424000000000001098e-01 4.061775258398558365e-10
1.427000000000001323e-01 4.036581662271884830e-10
1.430000000000001270e-01 4.011596750119342393e-10
1.433000000000001217e-01 3.986818360992022329e-10
1.436000000000001442e-01 3.962244360776537041e-10
1.439000000000001112e-01 3.937872641806627747e-10
1.442000000000001336e-01 3.913701122481172465e-10
1.445000000000001283e-01 3.889727746888531769e-10
1.448000000000001231e-01 3.865950484437027041e-10
1.450000000000001288e-01 3.850206936427803775e-10
1.453000000000001235e-01 3.826752084406764808e-10
1.456000000000001460e-01 3.803488051657179184e-10
1.459000000000001129e-01 3.780412897362820792e-10
1.462000000000001354e-01 3.757524704381523092e-10
1.465000000000001579e-01 3.734821578908618975e-10
1.468000000000001248e-01 3.712301650145829668e-10
1.471000000000001473e-01 3.689963069975515837e-10
1.474000000000001143e-01 3.667804012640207142e-10
1.477000000000001367e-01 3.645822674427284085e-10
1.480000000000001315e-01 3.624017273358748060e-10
1.483000000000001262e-01 3.602386048885964306e-10
1.486000000000001486e-01 3.580927261589302286e-10
1.488000000000001266e-01 3.566716352289641249e-10
1.491000000000001491e-01 3.545541151362461176e-10
1.494000000000001160e-01 3.524533850223684542e-10
1.497000000000001385e-01 3.503692784433702148e-10
1.500000000000001332e-01 3.483016309342401687e-10
1.503000000000001279e-01 3.462502799814925317e-10
1.506000000000001504e-01 3.442150649961753391e-10
1.509000000000001174e-01 3.421958272873076599e-10
1.512000000000001398e-01 3.401924100357320558e-10
1.515000000000001346e-01 3.382046582683815606e-10
1.518000000000001293e-01 3.362324188329483605e-10
1.521000000000001517e-01 3.342755403729487955e-10
1.523000000000001297e-01 3.329794146667935563e-10
1.526000000000001522e-01 3.310478062847128754e-10
1.529000000000001469e-01 3.291311638549183673e-10
1.532000000000001416e-01 3.272293423985189321e-10
1.535000000000001363e-01 3.253421986211338253e-10
1.538000000000001311e-01 3.234695908900795859e-10
1.541000000000001258e-01 3.216113792119075843e-10
1.544000000000001482e-01 3.197674252102913139e-10
1.547000000000001430e-01 3.179375921042513777e-10
1.550000000000001377e-01 3.161217446867161565e-10
1.553000000000001324e-01 3.143197493034123146e-10
1.556000000000001271e-01 3.125314738320769752e-10
1.559000000000001496e-01 3.107567876619887230e-10
1.561000000000001275e-01 3.095811493369922859e-10
1.564000000000001500e-01 3.078288257979461355e-10
1.567000000000001447e-01 3.060897505023235191e-10
1.570000000000001394e-01 3.043637982115815866e-10
1.573000000000001342e-01 3.026508451072381500e-10
1.576000000000001289e-01 3.009507687721013012e-10
1.579000000000001513e-01 2.992634481717840446e-10
1.582000000000001461e-01 2.975887636364962947e-10
1.585000000000001408e-01 2.959265968431099452e-10
1.588000000000001632e-01 2.942768307974955652e-10
1.591000000000001302e-01 2.926393498171204316e-10
1.594000000000001527e-01 2.910140395139088295e-10
1.597000000000001474e-01 2.894007867773575388e-10
1.599000000000001531e-01 2.883319283153873748e-10
1.602000000000001478e-01 2.867385235839433361e-10
1.605000000000001426e-01 2.851568809113462748e-10
1.608000000000001650e-01 2.835868917310850198e-10
1.611000000000001320e-01 2.820284486786829679e-10
1.614000000000001545e-01 2.804814455761832774e-10
1.617000000000001214e-01 2.789457774168645347e-10
1.620000000000001439e-01 2.774213403501780538e-10
1.623000000000001664e-01 2.759080316669097041e-10
1.626000000000001333e-01 2.744057497845568558e-10
1.629000000000001558e-01 2.729143942329198249e-10
1.632000000000001227e-01 2.714338656399042481e-10
1.635000000000001452e-01 2.699640657175296329e-10
1.637000000000001232e-01 2.689901114228384821e-10
1.640000000000001457e-01 2.675379771013665926e-10
1.643000000000001681e-01 2.660963145451452876e-10
1.646000000000001351e-01 2.646650293248296602e-10
1.649000000000001576e-01 2.632440280325338269e-10
1.652000000000001523e-01 2.618332182689510539e-10
1.655000000000001470e-01 2.604325086306577237e-10
1.658000000000001695e-01 2.590418086975997982e-10
1.661000000000001364e-01 2.576610290207605384e-10
1.664000000000001589e-01 2.562900811100022933e-10
1.667000000000001536e-01 2.549288774220843752e-10
1.670000000000001483e-01 2.535773313488500936e-10
1.673000000000001708e-01 2.522353572055829470e-10
1.675000000000001488e-01 2.513459836153336907e-10
1.678000000000001435e-01 2.500197747500043691e-10
1.681000000000001382e-01 2.487029137498851850e-10
1.684000000000001607e-01 2.473953182192335117e-10
1.687000000000001554e-01 2.460969066335562099e-10
1.690000000000001501e-01 2.448075983288676006e-10
1.693000000000001448e-01 2.435273134911014509e-10
1.696000000000001395e-01 2.422559731456713856e-10
1.699000000000001620e-01 2.409934991471755386e-10
1.702000000000001567e-01 2.397398141692482877e-10
1.705000000000001514e-01 2.384948416945520933e-10
1.708000000000001461e-01 2.372585060049086128e-10
1.711000000000001686e-01 2.360307321715692474e-10
1.713000000000001466e-01 2.352169362209580670e-10
1.716000000000001691e-01 2.340032677535733499e-10
1.719000000000001638e-01 2.327979651193743066e-10
1.722000000000001585e-01 2.316009562030962757e-10
1.725000000000001532e-01 2.304121696352491332e-10
1.728000000000001479e-01 2.292315347831240036e-10
1.731000000000001704e-01 2.280589817419272801e-10
1.734000000000001651e-01 2.268944413260338096e-10
1.737000000000001598e-01 2.257378450603606139e-10
1.740000000000001545e-01 2.245891251718602937e-10
1.743000000000001493e-01 2.234482145811282731e-10
1.746000000000001717e-01 2.223150468941268833e-10
1.749000000000001387e-01 2.211895563940207540e-10
1.751000000000001722e-01 2.204434623481697146e-10
1.754000000000001391e-01 2.193306229359863645e-10
1.757000000000001616e-01 2.182252887156724520e-10
1.760000000000001563e-01 2.171273963853952089e-10
1.763000000000001510e-01 2.160368832838652526e-10
1.766000000000001735e-01 2.149536873827807823e-10
1.769000000000001405e-01 2.138777472793716317e-10
1.772000000000001629e-01 2.128090021890446250e-10
1.775000000000001854e-01 2.117473919381277812e-10
1.778000000000001524e-01 2.106928569567110145e-10
1.781000000000001748e-01 2.096453382715832780e-10
1.784000000000001418e-01 2.086047774992640070e-10
1.787000000000001643e-01 2.075711168391264560e-10
1.789000000000001422e-01 2.068858148454809202e-10
1.792000000000001647e-01 2.058635274880793172e-10
1.795000000000001872e-01 2.048479889060580975e-10
1.798000000000001541e-01 2.038391433785624065e-10
1.801000000000001766e-01 2.028369357366929623e-10
1.804000000000001436e-01 2.018413113571315703e-10
1.807000000000001660e-01 2.008522161558499744e-10
1.810000000000001608e-01 1.998695965819027456e-10
1.813000000000001555e-01 1.988933996113000195e-10
1.816000000000001779e-01 1.979235727409617877e-10
1.819000000000001449e-01 1.969600639827514706e-10
1.822000000000001674e-01 1.960028218575869334e-10
1.825000000000001621e-01 1.950517953896287678e-10
1.827000000000001678e-01 1.944212059393419642e-10
1.830000000000001625e-01 1.934804269691057424e-10
1.833000000000001573e-01 1.925457301374159743e-10
1.836000000000001797e-01 1.916170662651457975e-10
1.839000000000001744e-01 1.906943866502733575e-10
1.842000000000001692e-01 1.897776430624853067e-10
1.845000000000001639e-01 1.888667877378489607e-10
1.848000000000001586e-01 1.879617733735543499e-10
1.851000000000001811e-01 1.870625531227234546e-10
1.854000000000001758e-01 1.861690805892860281e-10
1.857000000000001705e-01 1.852813098229213353e-10
1.860000000000001652e-01 1.843991953140647735e-10
1.863000000000001599e-01 1.835226919889783157e-10
1.865000000000001656e-01 1.829414516998314861e-10
1.868000000000001604e-01 1.820742013521646361e-10
1.871000000000001551e-01 1.812124440855266520e-10
1.874000000000001775e-01 1.803561363830425815e-10
1.877000000000001723e-01 1.795052351414776161e-10
1.880000000000001670e-01 1.786596976666520036e-10
1.883000000000001617e-01 1.778194816689149994e-10
1.886000000000001564e-01 1.769845452586752482e-10
1.889000000000001789e-01 1.761548469419880855e-10
1.892000000000001736e-01 1.753303456161983382e-10
1.895000000000001683e-01 1.745110005656371493e-10
1.898000000000001908e-01 1.736967714573743031e-10
1.901000000000001577e-01 1.728876183370223765e-10
1.903000000000001912e-01 1.723509833557819201e-10
1.906000000000001582e-01 1.715502024427902134e-10
1.909000000000001807e-01 1.707543927919894870e-10
1.912000000000001754e-01 1.699635158019315903e-10
1.915000000000001701e-01 1.691775332308156979e-10
1.918000000000001926e-01 1.683964071925817944e-10
1.921000000000001595e-01 1.676201001530513076e-10
1.924000000000001820e-01 1.668485749261164174e-10
1.927000000000001767e-01 1.660817946699760470e-10
1.930000000000001714e-01 1.653197228834186435e-10
1.933000000000001939e-01 1.645623234021505551e-10
1.936000000000001608e-01 1.638095603951697491e-10
1.939000000000001833e-01 1.630613983611839647e-10
1.941000000000001613e-01 1.625651623842216459e-10
1.944000000000001838e-01 1.618245906311163604e-10
1.947000000000001507e-01 1.610885267660403057e-10
1.950000000000001732e-01 1.603569364666969475e-10
1.953000000000001957e-01 1.596297857243564475e-10
1.956000000000001626e-01 1.589070408405146035e-10
1.959000000000001851e-01 1.581886684235932774e-10
1.962000000000001521e-01 1.574746353856803991e-10
1.965000000000001745e-01 1.567649089393098555e-10
1.968000000000001970e-01 1.560594565942801026e-10
1.971000000000001640e-01 1.553582461545114472e-10
1.974000000000001864e-01 1.546612457149409925e-10
1.977000000000001811e-01 1.539684236584554003e-10
1.979000000000001869e-01 1.535088481270781054e-10
1.982000000000001816e-01 1.528229205546465477e-10
1.985000000000001763e-01 1.521410884378191361e-10
1.988000000000001988e-01 1.514633211896450728e-10
1.991000000000001657e-01 1.507895884972887300e-10
1.994000000000001882e-01 1.501198603191647096e-10
1.997000000000001829e-01 1.494541068821073861e-10
2.000000000000001776e-01 1.487922986785745193e-10
2.003000000000001724e-01 1.481344064638831270e-10
2.006000000000001671e-01 1.474804012534795561e-10
2.009000000000001895e-01 1.468302543202403922e-10
2.012000000000001843e-01 1.461839371918070774e-10
2.015000000000001790e-01 1.455414216479506671e-10
2.017000000000001847e-01 1.451151761205942925e-10
2.020000000000001794e-01 1.444789345159718143e-10
2.023000000000001741e-01 1.438464204549126317e-10
2.026000000000001966e-01 1.432176066196199282e-10
2.029000000000001913e-01 1.425924659325359093e-10
2.032000000000001860e-01 1.419709715538778895e-10
2.035000000000001807e-01 1.413530968792038742e-10
2.038000000000001755e-01 1.407388155370052831e-10
2.041000000000001979e-01 1.401281013863295296e-10
2.044000000000001926e-01 1.395209285144288374e-10
2.047000000000001874e-01 1.389172712344370267e-10
2.050000000000001821e-01 1.383171040830735444e-10
2.053000000000001768e-01 1.377204018183738622e-10
2.055000000000001825e-01 1.373245128796775179e-10
2.058000000000001772e-01 1.367335299268370749e-10
2.061000000000001997e-01 1.361459456137660966e-10
2.064000000000001667e-01 1.355617354909960535e-10
2.067000000000001891e-01 1.349808753201252074e-10
2.070000000000001839e-01 1.344033410716941530e-10
2.073000000000001786e-01 1.338291089230850381e-10
2.076000000000002010e-01 1.332581552564453140e-10
2.079000000000001680e-01 1.326904566566352678e-10
2.082000000000001905e-01 1.321259899091986899e-10
2.085000000000001852e-01 1.315647319983572456e-10
2.088000000000001799e-01 1.310066601050271800e-10
2.091000000000002024e-01 1.304517516048594945e-10
2.093000000000001803e-01 1.300835589602075179e-10
2.096000000000002028e-01 1.295338730284222334e-10
2.099000000000001698e-01 1.289872910955676193e-10
2.102000000000001922e-01 1.284437912349063391e-10
2.105000000000002147e-01 1.279033517055775093e-10
2.108000000000001817e-01 1.273659509507594026e-10
2.111000000000002041e-01 1.268315675958520543e-10
2.114000000000001711e-01 1.263001804466813758e-10
2.117000000000001936e-01 1.257717684877224479e-10
2.120000000000002160e-01 1.252463108803439593e-10
2.123000000000001830e-01 1.247237869610713087e-10
2.126000000000002055e-01 1.242041762398694546e-10
2.129000000000001724e-01 1.236874583984457482e-10
2.131000000000002059e-01 1.233445770362374996e-10
2.134000000000001729e-01 1.228326359704966652e-10
2.137000000000001954e-01 1.223235344293392906e-10
2.140000000000001901e-01 1.218172527099720045e-10
2.143000000000001848e-01 1.213137712736675145e-10
2.146000000000002073e-01 1.208130707441713537e-10
2.149000000000001742e-01 1.203151319061263860e-10
2.152000000000001967e-01 1.198199357035142684e-10
2.155000000000001914e-01 1.193274632381149825e-10
2.158000000000001861e-01 1.188376957679824182e-10
2.161000000000002086e-01 1.183506147059375087e-10
2.164000000000002033e-01 1.178662016180776256e-10
2.167000000000001980e-01 1.173844382223024655e-10
2.169000000000002037e-01 1.170647257161802264e-10
2.172000000000001985e-01 1.165873382546796141e-10
2.175000000000001932e-01 1.161125524641038223e-10
2.178000000000001879e-01 1.156403506066086978e-10
2.181000000000002104e-01 1.151707150894838370e-10
2.184000000000002051e-01 1.147036284637677827e-10
2.187000000000001998e-01 1.142390734228783288e-10
2.190000000000001945e-01 1.137770328012571852e-10
2.193000000000001892e-01 1.133174895730301390e-10
2.196000000000002117e-01 1.128604268506810194e-10
2.199000000000002064e-01 1.124058278837405387e-10
2.202000000000002011e-01 1.119536760574894154e-10
2.205000000000001958e-01 1.115039548916745512e-10
2.207000000000002016e-01 1.112054830699771337e-10
2.210000000000001963e-01 1.107597767433074846e-10
2.213000000000001910e-01 1.103164577775166790e-10
2.216000000000001857e-01 1.098755101746405932e-10
2.219000000000002082e-01 1.094369180653745559e-10
2.222000000000002029e-01 1.090006657078664535e-10
2.225000000000001976e-01 1.085667374865226688e-10
2.228000000000002201e-01 1.081351179108273453e-10
2.231000000000001871e-01 1.077057916141736584e-10
2.234000000000002095e-01 1.072787433527078178e-10
2.237000000000002042e-01 1.068539580041856842e-10
2.240000000000001990e-01 1.064314205668406949e-10
2.243000000000002214e-01 1.060111161582650761e-10
2.245000000000001994e-01 1.057321464949782523e-10
2.248000000000002219e-01 1.053155310496791524e-10
2.251000000000001888e-01 1.049011095218723017e-10
2.254000000000002113e-01 1.044888674574098288e-10
2.257000000000002060e-01 1.040787905164332876e-10
2.260000000000002007e-01 1.036708644723188214e-10
2.263000000000002232e-01 1.032650752106350059e-10
2.266000000000001902e-01 1.028614087281104242e-10
2.269000000000002126e-01 1.024598511316127966e-10
2.272000000000001796e-01 1.020603886371386185e-10
2.275000000000002021e-01 1.016630075688131636e-10
2.278000000000002245e-01 1.012676943579015894e-10
2.280000000000002025e-01 1.010052943744438993e-10
2.283000000000002250e-01 1.006133977277096673e-10
2.286000000000001919e-01 1.002235332714770013e-10
2.289000000000002144e-01 9.983568782155764490e-11
2.292000000000002091e-01 9.944984829642125094e-11
2.295000000000002038e-01 9.906600171626246366e-11
2.298000000000002263e-01 9.868413520207861244e-11
2.301000000000001933e-01 9.830423597475651736e-11
2.304000000000002157e-01 9.792629135416897527e-11
2.307000000000002105e-01 9.755028875828020276e-11
2.310000000000002052e-01 9.717621570226117943e-11
2.313000000000002276e-01 9.680405979761323707e-11
2.316000000000001946e-01 9.643380875130162677e-11
2.318000000000002281e-01 9.618802694727514377e-11
2.321000000000001950e-01 9.582092360357079821e-11
2.324000000000002175e-01 9.545569279699007792e-11
2.327000000000002122e-01 9.509232257725740046e-11
2.330000000000002069e-01 9.473080108563130976e-11
2.333000000000002017e-01 9.437111655408665299e-11
2.336000000000001964e-01 9.401325730450535237e-11
2.339000000000002188e-01 9.365721174787504806e-11
2.342000000000002136e-01 9.330296838349623267e-11
2.345000000000002083e-01 9.295051579819726975e-11
2.348000000000002030e-01 9.259984266555720591e-11
2.351000000000002255e-01 9.225093774513695815e-11
2.354000000000002202e-01 9.190378988171785530e-11
2.356000000000002259e-01 9.167332864505869357e-11
2.359000000000002206e-01 9.132908464967795158e-11
2.362000000000002153e-01 9.098656837497431982e-11
2.365000000000002101e-01 9.064576897181411670e-11
2.368000000000002048e-01 9.030667567283136891e-11
2.371000000000002272e-01 8.996927779170945675e-11
2.374000000000002220e-01 8.963356472246928646e-11
2.377000000000002167e-01 8.929952593876481665e-11
2.380000000000002114e-01 8.896715099318577092e-11
2.383000000000002061e-01 8.863642951656712299e-11
2.386000000000002286e-01 8.830735121730554822e-11
2.389000000000002233e-01 8.797990588068272528e-11
2.392000000000002180e-01 8.765408336819542323e-11
2.394000000000001960e-01 8.743776495638664984e-11
2.397000000000002184e-01 8.711462482568927429e-11
2.400000000000002132e-01 8.679308085070198358e-11
2.403000000000002079e-01 8.647312316675167523e-11
2.406000000000002303e-01 8.615474198234061646e-11
2.409000000000001973e-01 8.583792757851356049e-11
2.412000000000002198e-01 8.552267030823057565e-11
2.415000000000002423e-01 8.520896059574654359e-11
2.418000000000002092e-01 8.489678893599647360e-11
2.421000000000002317e-01 8.458614589398699498e-11
2.424000000000001986e-01 8.427702210419374299e-11
2.427000000000002211e-01 8.396940826996488413e-11
2.430000000000002436e-01 8.366329516293019894e-11
2.432000000000002216e-01 8.346004896901277808e-11
2.435000000000002440e-01 8.315641675008413467e-11
2.438000000000002110e-01 8.285426097875329826e-11
2.441000000000002335e-01 8.255357267205445218e-11
2.444000000000002004e-01 8.225434291262230756e-11
2.447000000000002229e-01 8.195656284813268372e-11
2.450000000000002454e-01 8.166022369074971887e-11
2.453000000000002123e-01 8.136531671657751394e-11
2.456000000000002348e-01 8.107183326511748921e-11
2.459000000000002017e-01 8.077976473873129855e-11
2.462000000000002242e-01 8.048910260210808625e-11
2.465000000000002189e-01 8.019983838173793495e-11
2.468000000000002137e-01 7.991196366538974659e-11
2.470000000000002194e-01 7.972081500783564518e-11
2.473000000000002141e-01 7.943523760247709870e-11
2.476000000000002366e-01 7.915102756419354007e-11
2.479000000000002313e-01 7.886817670105781436e-11
2.482000000000002260e-01 7.858667688005124822e-11
2.485000000000002207e-01 7.830652002656981013e-11
2.488000000000002154e-01 7.802769812393454871e-11
2.491000000000002379e-01 7.775020321290686490e-11
2.494000000000002326e-01 7.747402739120850163e-11
2.497000000000002273e-01 7.719916281304605715e-11
2.500000000000002220e-01 7.692560168863981517e-11
2.503000000000001890e-01 7.665333628375764153e-11
2.506000000000002115e-01 7.638235891925249977e-11
2.508000000000001894e-01 7.620241915347397910e-11
2.511000000000002119e-01 7.593357160632582178e-11
2.514000000000002344e-01 7.566599188766888122e-11
2.517000000000002014e-01 7.539967251645326315e-11
2.520000000000002238e-01 7.513460606461525191e-11
2.523000000000001908e-01 7.487078515663999034e-11
2.526000000000002133e-01 7.460820246912741682e-11
2.529000000000002357e-01 7.434685073036308772e-11
2.532000000000002027e-01 7.408672271989248964e-11
2.535000000000002252e-01 7.382781126809937111e-11
2.538000000000002476e-01 7.357010925578854631e-11
2.541000000000002146e-01 7.331360961377205923e-11
2.544000000000002371e-01 7.305830532245928976e-11
2.546000000000002150e-01 7.288876310112392507e-11
2.549000000000002375e-01 7.263543559531867070e-11
2.552000000000002045e-01 7.238328496071087514e-11
2.555000000000002269e-01 7.213230435612331556e-11
2.558000000000002494e-01 7.188248698811422489e-11
2.561000000000002719e-01 7.163382611058873669e-11
2.564000000000001833e-01 7.138631502441380668e-11
2.567000000000002058e-01 7.113994707703688252e-11
2.570000000000002283e-01 7.089471566210824413e-11
2.573000000000002507e-01 7.065061421910653646e-11
2.576000000000002732e-01 7.040763623296792117e-11
2.579000000000001847e-01 7.016577523371876962e-11
2.582000000000002071e-01 6.992502479611145787e-11
2.584000000000001851e-01 6.976513833019537196e-11
2.587000000000002076e-01 6.952622467066666295e-11
2.590000000000002300e-01 6.928840465471480887e-11
2.593000000000002525e-01 6.905167201802728255e-11
2.596000000000002750e-01 6.881602053936269618e-11
2.599000000000001864e-01 6.858144404020535008e-11
2.602000000000002089e-01 6.834793638442275404e-11
2.605000000000002314e-01 6.811549147792674175e-11
2.608000000000002538e-01 6.788410326833733823e-11
2.611000000000002763e-01 6.765376574464962574e-11
2.614000000000001878e-01 6.742447293690391848e-11
2.617000000000002102e-01 6.719621891585863843e-11
2.620000000000002327e-01 6.696899779266666808e-11
2.622000000000002107e-01 6.681808798608981067e-11
2.625000000000002331e-01 6.659257538168963976e-11
2.628000000000002556e-01 6.636808016660110550e-11
2.631000000000002781e-01 6.614459659736481053e-11
2.634000000000001895e-01 6.592211896944226033e-11
2.637000000000002120e-01 6.570064161690790650e-11
2.640000000000002345e-01 6.548015891214477008e-11
2.643000000000002570e-01 6.526066526554178397e-11
2.646000000000002794e-01 6.504215512519465080e-11
2.649000000000002464e-01 6.482462297660898847e-11
2.652000000000002133e-01 6.460806334240638381e-11
2.655000000000002358e-01 6.439247078203275966e-11
2.658000000000002583e-01 6.417783989146988274e-11
2.660000000000002363e-01 6.403528423986735676e-11
2.663000000000002587e-01 6.382224422171947732e-11
2.666000000000002812e-01 6.361015163911700689e-11
2.669000000000002482e-01 6.339900121957630260e-11
2.672000000000002151e-01 6.318878772583547271e-11
2.675000000000002376e-01 6.297950595557975266e-11
2.678000000000002601e-01 6.277115074116959533e-11
2.681000000000002825e-01 6.256371694937099717e-11
2.684000000000002495e-01 6.235719948108826721e-11
2.687000000000002164e-01 6.215159327109914831e-11
2.690000000000002389e-01 6.194689328779226484e-11
2.693000000000002614e-01 6.174309453290718123e-11
2.696000000000002284e-01 6.154019204127619228e-11
2.698000000000002618e-01 6.140541920048992663e-11
2.701000000000002288e-01 6.120399953631616708e-11
2.704000000000002513e-01 6.100346305480018402e-11
2.707000000000002182e-01 6.080380490994518793e-11
2.710000000000002407e-01 6.060502028767344090e-11
2.713000000000002632e-01 6.040710440558128190e-11
2.716000000000002301e-01 6.021005251269587110e-11
2.719000000000002526e-01 6.001385988923407959e-11
2.722000000000002196e-01 5.981852184636378321e-11
2.725000000000002420e-01 5.962403372596705620e-11
2.728000000000002645e-01 5.943039090040539412e-11
2.731000000000002315e-01 5.923758877228714680e-11
2.734000000000002539e-01 5.904562277423674794e-11
2.736000000000002319e-01 5.891810771690439703e-11
2.739000000000002544e-01 5.872752520004551425e-11
2.742000000000002213e-01 5.853776677859981878e-11
2.745000000000002438e-01 5.834882799331005355e-11
2.748000000000002663e-01 5.816070441388514633e-11
2.751000000000002332e-01 5.797339163878062559e-11
2.754000000000002557e-01 5.778688529498107201e-11
2.757000000000002227e-01 5.760118103778441172e-11
2.760000000000002451e-01 5.741627455058778641e-11
2.763000000000002676e-01 5.723216154467596310e-11
2.766000000000002346e-01 5.704883775901088776e-11
2.769000000000002570e-01 5.686629896002329396e-11
2.772000000000002795e-01 5.668454094140626315e-11
2.774000000000002575e-01 5.656380063093323297e-11
2.777000000000002800e-01 5.638333463898248505e-11
2.780000000000002469e-01 5.620363834231401755e-11
2.783000000000002694e-01 5.602470763284359489e-11
2.786000000000002363e-01 5.584653842880837261e-11
2.789000000000002588e-01 5.566912667457023524e-11
2.792000000000002813e-01 5.549246834042065274e-11
2.795000000000002482e-01 5.531655942238722361e-11
2.798000000000002707e-01 5.514139594204196934e-11
2.801000000000002377e-01 5.496697394631129615e-11
2.804000000000002601e-01 5.479328950728737192e-11
2.807000000000002826e-01 5.462033872204125447e-11
2.810000000000002496e-01 5.444811771243761605e-11
2.812000000000002831e-01 5.433370723296480412e-11
2.815000000000002500e-01 5.416269396477895446e-11
2.818000000000002170e-01 5.399240025036178830e-11
2.821000000000002395e-01 5.382282230092745564e-11
2.824000000000002619e-01 5.365395635163931812e-11
2.827000000000002844e-01 5.348579866143349458e-11
2.830000000000002514e-01 5.331834551284359573e-11
2.833000000000002183e-01 5.315159321182704207e-11
2.836000000000002408e-01 5.298553808759308784e-11
2.839000000000002633e-01 5.282017649243186609e-11
2.842000000000002857e-01 5.265550480154513329e-11
2.845000000000002527e-01 5.249151941287850030e-11
2.848000000000002196e-01 5.232821674695463269e-11
2.850000000000002531e-01 5.221972583592537658e-11
2.853000000000002201e-01 5.205755314764413495e-11
2.856000000000002426e-01 5.189605374595966349e-11
2.859000000000002650e-01 5.173522413277596518e-11
2.862000000000002875e-01 5.157506083181560538e-11
2.865000000000002545e-01 5.141556038846090610e-11
2.868000000000002214e-01 5.125671936959636163e-11
2.871000000000002439e-01 5.109853436345274734e-11
2.874000000000002664e-01 5.094100197945212664e-11
2.877000000000002888e-01 5.078411884805425394e-11
2.880000000000002558e-01 5.062788162060447035e-11
2.883000000000002228e-01 5.047228696918236835e-11
2.886000000000002452e-01 5.031733158645233065e-11
2.888000000000002232e-01 5.021438152324217215e-11
2.891000000000002457e-01 5.006048429413608879e-11
2.894000000000002681e-01 4.990721761367051197e-11
2.897000000000002906e-01 4.975457824872513456e-11
2.900000000000003131e-01 4.960256298608156331e-11
2.903000000000002245e-01 4.945116863228022945e-11
2.906000000000002470e-01 4.930039201347870175e-11
2.909000000000002695e-01 4.915022997531111106e-11
2.912000000000002919e-01 4.900067938274872508e-11
2.915000000000003144e-01 4.885173711996154430e-11
2.918000000000002259e-01 4.870340009018128728e-11
2.921000000000002483e-01 4.855566521556515785e-11
2.924000000000002708e-01 4.840852943706108577e-11
2.926000000000002488e-01 4.831077024703819852e-11
2.929000000000002712e-01 4.816462621477329059e-11
2.932000000000002937e-01 4.801907321199908268e-11
2.935000000000003162e-01 4.787410824742566859e-11
2.938000000000002276e-01 4.772972834793840690e-11
2.941000000000002501e-01 4.758593055846907465e-11
2.944000000000002726e-01 4.744271194186814554e-11
2.947000000000002951e-01 4.730006957877796627e-11
2.950000000000003175e-01 4.715800056750697344e-11
2.953000000000002290e-01 4.701650202390511236e-11
2.956000000000002514e-01 4.687557108123991508e-11
2.959000000000002739e-01 4.673520489007395485e-11
2.962000000000002964e-01 4.659540061814302442e-11
2.964000000000002744e-01 4.650250855661574197e-11
2.967000000000002968e-01 4.636363456908389181e-11
2.970000000000002638e-01 4.622531503112533457e-11
2.973000000000002307e-01 4.608754717241862400e-11
2.976000000000002532e-01 4.595032823926022373e-11
2.979000000000002757e-01 4.581365549444835947e-11
2.982000000000002982e-01 4.567752621716739466e-11
2.985000000000002651e-01 4.554193770287362141e-11
2.988000000000002321e-01 4.540688726318156838e-11
2.991000000000002546e-01 4.527237222575141377e-11
2.994000000000002770e-01 4.513838993417727712e-11
2.997000000000002995e-01 4.500493774787632545e-11
3.000000000000002665e-01 4.487201304197886808e-11
