1.000000000000000021e-03 6.605115543312648496e-01
1.200000000000000112e-03 1.304430935347163090e-01
1.500000000000000465e-03 7.840658492972731042e-02
1.800000000000000818e-03 5.292150545648175580e-02
2.100000000000001171e-03 1.798950326690873167e-02
2.400000000000001091e-03 2.300750581023268057e-02
2.700000000000001444e-03 8.015475995935928549e-03
3.000000000000001797e-03 6.838782280521269255e-03
3.300000000000002150e-03 4.590493513073907322e-03
3.600000000000002504e-03 3.300383707445718809e-03
3.900000000000002857e-03 3.811124502622756285e-03
4.200000000000003210e-03 1.821709651469133112e-03
4.500000000000003997e-03 1.562398405601112374e-03
4.700000000000002787e-03 1.221191197942629678e-03
5.000000000000003574e-03 9.077981354019473833e-04
5.300000000000004360e-03 7.115880789330431304e-04
5.600000000000004280e-03 5.566378759968510295e-04
5.900000000000004199e-03 4.363526649007521178e-04
6.200000000000004986e-03 3.424276242209385221e-04
6.500000000000005773e-03 1.261938981476818647e-03
6.800000000000005693e-03 2.121337672619150638e-04
7.100000000000004745e-03 1.675938967509400313e-04
7.400000000000005532e-03 1.333571954290512960e-04
7.700000000000006319e-03 2.937283108943615690e-04
8.000000000000007105e-03 8.510413621665680018e-05
8.300000000000007025e-03 1.094619911043067664e-04
8.500000000000007550e-03 6.325751793009935613e-05
8.800000000000007469e-03 4.947016207969141653e-05
9.100000000000007389e-03 4.124121677653300378e-05
9.400000000000007308e-03 3.230115217942477036e-05
9.700000000000008962e-03 2.622289041148543305e-05
1.000000000000000715e-02 2.128696728348492009e-05
1.030000000000000880e-02 1.735378178310481383e-05
1.060000000000000872e-02 1.417555414798188659e-05
1.090000000000000864e-02 1.160849135493999448e-05
1.120000000000001029e-02 9.531638353075717161e-06
1.150000000000000848e-02 7.848784302057933821e-06
1.180000000000001013e-02 6.482736872781105536e-06
1.210000000000001005e-02 5.371057837023586019e-06
1.230000000000001058e-02 4.746441910246749780e-06
1.260000000000001050e-02 3.954378416531635407e-06
1.290000000000001042e-02 3.306233895993712399e-06
1.320000000000001034e-02 2.774604580222636013e-06
1.350000000000001026e-02 2.337460188840673915e-06
1.380000000000001191e-02 1.977072331440573805e-06
1.410000000000001183e-02 1.679153824400642507e-06
1.440000000000001348e-02 1.432529058100375099e-06
1.470000000000001167e-02 1.227497766565337578e-06
1.500000000000001332e-02 1.056472201430646612e-06
1.530000000000001324e-02 9.135293233882329797e-07
1.560000000000001316e-02 7.935833273533528052e-07
1.590000000000001482e-02 6.924871921465361247e-07
1.610000000000001708e-02 6.340855101081260324e-07
1.640000000000001179e-02 5.575822062770997372e-07
1.670000000000001344e-02 4.926791502427182726e-07
1.700000000000001510e-02 4.371919949493528792e-07
1.730000000000001675e-02 3.896939511097436297e-07
1.760000000000001494e-02 3.487673909046514378e-07
1.790000000000001659e-02 3.134427641133573611e-07
1.820000000000001825e-02 2.827474268056994276e-07
1.850000000000001296e-02 2.560397763117720655e-07
1.880000000000001462e-02 2.326418217923409419e-07
1.910000000000001627e-02 2.120967532403425289e-07
1.940000000000001792e-02 1.939653769722141904e-07
1.970000000000001611e-02 1.778999460856274482e-07
1.990000000000001837e-02 1.682026938948269522e-07
2.020000000000001655e-02 1.549675362281258509e-07
2.050000000000001821e-02 1.431223591596069027e-07
2.080000000000001986e-02 1.324925885623993656e-07
2.110000000000001805e-02 1.229095486451807690e-07
2.140000000000001970e-02 1.142465125220836137e-07
2.170000000000001789e-02 1.063938481106456218e-07
2.200000000000001954e-02 9.924979183886309103e-08
2.230000000000001772e-02 9.273398224262081132e-08
2.260000000000001938e-02 8.677882914658179193e-08
2.290000000000002103e-02 8.131905651303311887e-08
2.320000000000002269e-02 7.630235020615053757e-08
2.350000000000002087e-02 7.168466401897304347e-08
2.370000000000001966e-02 6.880719255080515410e-08
2.400000000000002132e-02 6.476532874177356241e-08
2.430000000000002297e-02 6.102457619846384561e-08
2.460000000000002462e-02 5.755736497228638333e-08
2.490000000000001934e-02 5.433829611230587003e-08
2.520000000000002099e-02 5.134475186326510042e-08
2.550000000000002265e-02 4.855709658744551290e-08
2.580000000000002083e-02 4.595798993055841632e-08
2.610000000000002249e-02 4.353171958631707502e-08
2.640000000000002414e-02 4.126385406090662328e-08
2.670000000000002580e-02 3.914173645663766143e-08
2.700000000000002051e-02 3.715394169649289910e-08
2.730000000000002217e-02 3.529026862788976742e-08
2.750000000000002442e-02 3.411203595166167553e-08
2.780000000000002608e-02 3.243456308039579661e-08
2.810000000000002426e-02 3.085790054767279485e-08
2.840000000000002245e-02 2.937476743510792612e-08
2.870000000000002410e-02 2.797853030162444319e-08
2.900000000000002576e-02 2.666312237034650271e-08
2.930000000000002741e-02 2.542290734733178483e-08
2.960000000000002560e-02 2.425276862453899898e-08
2.990000000000002725e-02 2.314800126566125319e-08
3.020000000000002544e-02 2.210427290857518610e-08
3.050000000000002709e-02 2.111759923565424605e-08
3.080000000000002527e-02 2.018428836427585926e-08
3.110000000000002693e-02 1.930091965135336371e-08
3.130000000000002919e-02 1.873818615293274344e-08
3.160000000000002390e-02 1.793116379466117068e-08
3.190000000000002556e-02 1.716618210375851991e-08
3.220000000000003415e-02 1.644066378851666860e-08
3.250000000000002887e-02 1.575221864676289361e-08
3.280000000000002358e-02 1.509861807850597393e-08
3.310000000000003217e-02 1.447778861496434359e-08
3.340000000000002689e-02 1.388780183107669390e-08
3.370000000000002854e-02 1.332686025454949513e-08
3.400000000000003020e-02 1.279328717162854015e-08
3.430000000000003185e-02 1.228551732041901458e-08
3.460000000000003351e-02 1.180208869772336624e-08
3.490000000000002822e-02 1.134163506624891117e-08
3.510000000000003395e-02 1.104679418256910270e-08
3.540000000000003560e-02 1.062182894666235434e-08
3.570000000000003032e-02 1.021660620177883037e-08
3.600000000000003197e-02 9.830052297863456475e-09
3.630000000000003363e-02 9.461160538219360097e-09
3.660000000000002834e-02 9.108986459174204443e-09
3.690000000000003694e-02 8.772643469859135653e-09
3.720000000000003165e-02 8.451298921913701901e-09
3.750000000000003331e-02 8.144170312388791262e-09
3.780000000000003496e-02 7.850521627418489580e-09
3.810000000000002968e-02 7.569660679407716168e-09
3.840000000000003827e-02 7.300935963674730446e-09
3.870000000000003298e-02 7.043733958489741388e-09
3.890000000000003177e-02 6.878380623932233673e-09
3.920000000000003343e-02 6.639115094936457940e-09
3.950000000000003508e-02 6.409903516412146618e-09
3.980000000000003674e-02 6.190251635347565313e-09
4.010000000000003839e-02 5.979692994165551220e-09
4.040000000000003311e-02 5.777787198251147139e-09
4.070000000000004170e-02 5.584118176085727270e-09
4.100000000000003642e-02 5.398292781533503474e-09
4.130000000000003113e-02 5.219939330147251986e-09
4.160000000000003972e-02 5.048706280769523234e-09
4.190000000000003444e-02 4.884261007894944038e-09
4.220000000000003609e-02 4.726288656777787871e-09
4.250000000000003775e-02 4.574491075624322757e-09
4.270000000000003654e-02 4.476583018981768867e-09
4.300000000000003819e-02 4.334456398299702987e-09
4.330000000000003985e-02 4.197783764352533552e-09
4.360000000000003456e-02 4.066320171667677807e-09
4.390000000000004315e-02 3.939833259356851849e-09
4.420000000000003787e-02 3.818102515065090857e-09
4.450000000000003952e-02 3.700918606400297214e-09
4.480000000000004118e-02 3.588082739480881388e-09
4.510000000000003589e-02 3.479406062390723515e-09
4.540000000000004449e-02 3.374709106131771123e-09
4.570000000000003920e-02 3.273821260448108140e-09
4.600000000000004086e-02 3.176580282173079375e-09
4.630000000000004251e-02 3.082831833815685191e-09
4.650000000000004130e-02 3.022200341674631732e-09
4.680000000000004295e-02 2.933949915176187733e-09
4.710000000000004461e-02 2.848815890556593895e-09
4.740000000000003932e-02 2.766669406704344087e-09
4.770000000000004098e-02 2.687387699126303974e-09
4.800000000000004263e-02 2.610853775817155079e-09
4.830000000000003735e-02 2.536956111286242832e-09
4.860000000000004594e-02 2.465588360066037237e-09
4.890000000000004066e-02 2.396649085885187014e-09
4.920000000000004925e-02 2.330041506773312624e-09
4.950000000000004396e-02 2.265673254872221086e-09
4.980000000000003868e-02 2.203456150000499381e-09
5.010000000000004727e-02 2.143305986110353402e-09
5.030000000000004606e-02 2.104314307767008683e-09
5.060000000000004772e-02 2.047432081336428972e-09
5.090000000000004243e-02 1.992410179042900461e-09
5.120000000000004409e-02 1.939177327044959936e-09
5.150000000000004574e-02 1.887665377272508883e-09
5.180000000000004740e-02 1.837809153213278653e-09
5.210000000000004211e-02 1.789546304143810442e-09
5.240000000000005070e-02 1.742817167296495611e-09
5.270000000000004542e-02 1.697564637488844134e-09
5.300000000000004707e-02 1.653734043779670744e-09
5.330000000000004873e-02 1.611273032693226677e-09
5.360000000000004344e-02 1.570131457713285796e-09
5.390000000000005204e-02 1.530261274594771704e-09
5.410000000000004389e-02 1.504364665396919062e-09
5.440000000000005248e-02 1.466512101551921092e-09
5.470000000000004720e-02 1.429812351492353324e-09
5.500000000000004885e-02 1.394224269397940485e-09
5.530000000000005050e-02 1.359708391144248160e-09
5.560000000000005216e-02 1.326226856950889583e-09
5.590000000000004687e-02 1.293743337979955369e-09
5.620000000000004853e-02 1.262222966662987359e-09
5.650000000000005018e-02 1.231632270548460653e-09
5.680000000000004490e-02 1.201939109474466156e-09
5.710000000000005349e-02 1.173112615882948366e-09
5.740000000000004821e-02 1.145123138103015534e-09
5.770000000000005680e-02 1.117942186441045285e-09
5.790000000000004865e-02 1.100257168474929680e-09
5.820000000000005724e-02 1.074363444549212149e-09
5.850000000000005196e-02 1.049207573105273935e-09
5.880000000000005361e-02 1.024764905181199825e-09
5.910000000000005527e-02 1.001011735077269231e-09
5.940000000000004998e-02 9.779252597194285373e-10
5.970000000000005164e-02 9.554835399673577411e-10
6.000000000000005329e-02 9.336654637647007823e-10
6.030000000000005494e-02 9.124507110346948405e-10
6.060000000000004966e-02 8.918197202307929254e-10
6.090000000000005825e-02 8.717536564564214131e-10
6.120000000000005297e-02 8.522343810730166569e-10
6.150000000000006156e-02 8.332444227199832169e-10
6.170000000000005341e-02 8.208701780210727015e-10
6.200000000000005507e-02 8.027253147875681215e-10
6.230000000000005672e-02 7.850662343382451064e-10
6.260000000000005838e-02 7.678776849909910371e-10
6.290000000000005309e-02 7.511449637571964338e-10
6.320000000000004781e-02 7.348538941127505463e-10
6.350000000000005640e-02 7.189908047694909062e-10
6.380000000000005111e-02 7.035425093976266530e-10
6.410000000000004583e-02 6.884962872523183494e-10
6.440000000000006830e-02 6.738398646601127683e-10
6.470000000000006302e-02 6.595613973232864238e-10
6.500000000000005773e-02 6.456494534023885251e-10
6.530000000000005245e-02 6.320929973393712445e-10
6.550000000000005818e-02 6.232475763940214776e-10
6.580000000000005289e-02 6.102601042097692065e-10
6.610000000000004761e-02 5.976005135546459154e-10
6.640000000000007008e-02 5.852590945352385478e-10
6.670000000000006479e-02 5.732264668415241405e-10
6.700000000000005951e-02 5.614935671457156605e-10
6.730000000000005422e-02 5.500516370364916007e-10
6.760000000000006282e-02 5.388922114635909474e-10
6.790000000000005753e-02 5.280071076690549424e-10
6.820000000000006612e-02 5.173884145825734166e-10
6.850000000000006084e-02 5.070284826595548351e-10
6.880000000000005556e-02 4.969199141415987065e-10
6.910000000000006415e-02 4.870555537200691319e-10
6.930000000000005600e-02 4.806115570781605503e-10
6.960000000000006459e-02 4.711389397605684582e-10
6.990000000000005931e-02 4.618925681063888458e-10
7.020000000000006790e-02 4.528661019443059240e-10
7.050000000000006262e-02 4.440534047975533371e-10
7.080000000000007121e-02 4.354485365107306889e-10
7.110000000000006593e-02 4.270457461732606320e-10
7.140000000000006064e-02 4.188394653263675934e-10
7.170000000000005536e-02 4.108243014410906536e-10
7.200000000000006395e-02 4.029950316554393949e-10
7.230000000000007254e-02 3.953465967593693894e-10
7.260000000000006726e-02 3.878740954167979246e-10
7.290000000000006197e-02 3.805727786143862787e-10
7.310000000000006770e-02 3.757980581040553798e-10
7.340000000000006242e-02 3.687718924069172239e-10
7.370000000000005713e-02 3.619049519910420745e-10
7.400000000000006573e-02 3.551930022736833083e-10
7.430000000000007432e-02 3.486319378120514686e-10
7.460000000000006903e-02 3.422177778651723829e-10
7.490000000000006375e-02 3.359466621253149800e-10
7.520000000000005846e-02 3.298148466118574750e-10
7.550000000000006706e-02 3.238186997207984437e-10
7.580000000000007565e-02 3.179546984234227267e-10
7.610000000000007037e-02 3.122194246079273560e-10
7.640000000000006508e-02 3.066095615580993152e-10
7.660000000000007081e-02 3.029377320852837677e-10
7.690000000000006553e-02 2.975297812048229496e-10
7.720000000000007412e-02 2.922388668421959263e-10
7.750000000000006883e-02 2.870620160044270343e-10
7.780000000000006355e-02 2.819963423141241418e-10
7.810000000000007214e-02 2.770390431652410151e-10
7.840000000000006686e-02 2.721873969826881266e-10
7.870000000000007545e-02 2.674387605816242066e-10
7.900000000000007017e-02 2.627905666224399257e-10
7.930000000000006488e-02 2.582403211576195785e-10
7.960000000000007347e-02 2.537856012668318674e-10
7.990000000000008207e-02 2.494240527767610490e-10
8.020000000000007678e-02 2.451533880623362718e-10
8.040000000000008251e-02 2.423556687748070362e-10
8.070000000000007723e-02 2.382315674691664980e-10
8.100000000000007194e-02 2.341925590627077142e-10
8.130000000000006666e-02 2.302365823601896480e-10
8.160000000000006137e-02 2.263616334396441045e-10
8.190000000000008384e-02 2.225657638583458864e-10
8.220000000000007856e-02 2.188470789212801933e-10
8.250000000000007327e-02 2.152037360097103271e-10
8.280000000000006799e-02 2.116339429675537679e-10
8.310000000000007658e-02 2.081359565433644848e-10
8.340000000000008518e-02 2.047080808858156850e-10
8.370000000000007989e-02 2.013486660906587369e-10
8.400000000000007461e-02 1.980561067972241116e-10
8.420000000000008034e-02 1.958974360328147298e-10
8.450000000000007505e-02 1.927128518132116489e-10
8.480000000000006977e-02 1.895910497359669083e-10
8.510000000000007836e-02 1.865305765107746166e-10
8.540000000000007307e-02 1.835300174436766377e-10
8.570000000000008167e-02 1.805879952813367985e-10
8.600000000000007638e-02 1.777031690938075594e-10
8.630000000000008498e-02 1.748742331943803809e-10
8.660000000000007969e-02 1.720999160951638811e-10
8.690000000000007441e-02 1.693789794970886827e-10
8.720000000000006912e-02 1.667102173130935499e-10
8.750000000000007772e-02 1.640924547232903791e-10
8.780000000000008631e-02 1.615245472609567129e-10
8.800000000000007816e-02 1.598397544428529975e-10
8.830000000000008675e-02 1.573524752510253975e-10
8.860000000000008147e-02 1.549121410341021231e-10
8.890000000000007618e-02 1.525177112694662699e-10
8.920000000000007090e-02 1.501681718985360242e-10
8.950000000000009337e-02 1.478625345677688588e-10
8.980000000000008809e-02 1.455998358938819579e-10
9.010000000000008280e-02 1.433791367524380642e-10
9.040000000000007752e-02 1.411995215889797274e-10
9.070000000000007223e-02 1.390600977519261311e-10
9.100000000000008082e-02 1.369599948464742847e-10
9.130000000000008942e-02 1.348983641087789873e-10
9.160000000000008413e-02 1.328743777997079692e-10
9.180000000000008986e-02 1.315455676738328372e-10
9.210000000000008458e-02 1.295825379096096945e-10
9.240000000000007929e-02 1.276550436480382008e-10
9.270000000000008789e-02 1.257623293524340333e-10
9.300000000000008260e-02 1.239036579214068154e-10
9.330000000000009119e-02 1.220783101815393131e-10
9.360000000000008591e-02 1.202855843956003065e-10
9.390000000000008062e-02 1.185247957857667072e-10
9.420000000000008922e-02 1.167952760713510358e-10
9.450000000000008393e-02 1.150963730205492105e-10
9.480000000000007865e-02 1.134274500157393642e-10
9.510000000000008724e-02 1.117878856318819610e-10
9.540000000000009583e-02 1.101770732275860128e-10
9.560000000000008769e-02 1.091188785616802240e-10
9.590000000000009628e-02 1.075546769324842499e-10
9.620000000000009099e-02 1.060176788686805514e-10
9.650000000000008571e-02 1.045073286305626034e-10
9.680000000000008042e-02 1.030230835092840649e-10
9.710000000000007514e-02 1.015644134822178667e-10
9.740000000000009761e-02 1.001308008784580079e-10
9.770000000000009233e-02 9.872174005413573241e-11
9.800000000000008704e-02 9.733673707723263260e-11
9.830000000000008176e-02 9.597530942158552464e-11
9.860000000000007647e-02 9.463698566978754858e-11
9.890000000000009894e-02 9.332130522470120078e-11
9.920000000000009366e-02 9.202781802930826118e-11
9.940000000000009939e-02 9.117760522127375667e-11
9.970000000000009410e-02 8.992013441731287546e-11
1.000000000000000888e-01 8.868370619598964562e-11
1.003000000000000835e-01 8.746790687826616511e-11
1.006000000000000921e-01 8.627233212053965898e-11
1.009000000000000868e-01 8.509658667698745359e-11
1.012000000000000954e-01 8.394028416864389555e-11
1.015000000000000902e-01 8.280304685900080474e-11
1.018000000000000987e-01 8.168450543592850492e-11
1.021000000000000935e-01 8.058429879972007162e-11
1.024000000000000882e-01 7.950207385707126022e-11
1.027000000000000968e-01 7.843748532081179489e-11
1.030000000000000915e-01 7.739019551521241065e-11
1.032000000000000833e-01 7.670144932936564572e-11
1.035000000000000919e-01 7.568226042648504700e-11
1.038000000000001005e-01 7.467950557414371034e-11
1.041000000000000952e-01 7.369287342509556517e-11
1.044000000000000900e-01 7.272205940381273563e-11
1.047000000000000847e-01 7.176676554031997403e-11
1.050000000000000933e-01 7.082670030856680030e-11
1.053000000000001019e-01 6.990157846920179332e-11
1.056000000000000966e-01 6.899112091661597428e-11
1.059000000000000913e-01 6.809505453012860716e-11
1.062000000000000860e-01 6.721311202919158479e-11
1.065000000000001085e-01 6.634503183249267906e-11
1.068000000000001032e-01 6.549055792084244444e-11
1.070000000000000950e-01 6.492834372579951703e-11
1.073000000000001036e-01 6.409599271003360445e-11
1.076000000000000983e-01 6.327659145051022373e-11
1.079000000000000931e-01 6.246990320759218763e-11
1.082000000000001017e-01 6.167569621073826893e-11
1.085000000000000964e-01 6.089374354081964605e-11
1.088000000000001050e-01 6.012382301553856023e-11
1.091000000000000997e-01 5.936571707785948697e-11
1.094000000000000944e-01 5.861921268736502428e-11
1.097000000000001030e-01 5.788410121445270039e-11
1.100000000000000977e-01 5.716017833729086179e-11
1.103000000000000924e-01 5.644724394145366358e-11
1.106000000000001010e-01 5.574510202215952033e-11
1.108000000000000929e-01 5.528290825715276541e-11
1.111000000000001015e-01 5.459832909385084832e-11
1.114000000000000962e-01 5.392403910278068557e-11
1.117000000000001048e-01 5.325985655154560801e-11
1.120000000000000995e-01 5.260560339346542328e-11
1.123000000000000942e-01 5.196110518322666961e-11
1.126000000000001028e-01 5.132619099468163296e-11
1.129000000000001114e-01 5.070069334073617615e-11
1.132000000000001061e-01 5.008444809526764360e-11
1.135000000000001008e-01 4.947729441701644494e-11
1.138000000000000955e-01 4.887907467539596741e-11
1.141000000000000902e-01 4.828963437816830389e-11
1.144000000000001127e-01 4.770882210093329668e-11
1.146000000000001046e-01 4.732633384271598460e-11
1.149000000000001132e-01 4.675957321541883511e-11
1.152000000000001079e-01 4.620105129062842056e-11
1.155000000000001026e-01 4.565062731740690667e-11
1.158000000000000973e-01 4.510816330615341213e-11
1.161000000000001059e-01 4.457352396746775510e-11
1.164000000000001145e-01 4.404657665252149732e-11
1.167000000000001092e-01 4.352719129489448090e-11
1.170000000000001039e-01 4.301524035383803180e-11
1.173000000000000986e-01 4.251059875892592698e-11
1.176000000000001072e-01 4.201314385605579840e-11
1.179000000000001019e-01 4.152275535476444240e-11
1.182000000000001105e-01 4.103931527682232510e-11
1.184000000000001024e-01 4.072082489133619807e-11
1.187000000000001110e-01 4.024870946683993652e-11
1.190000000000001057e-01 3.978323878368884422e-11
1.193000000000001143e-01 3.932430292180097070e-11
1.196000000000001090e-01 3.887179404936691989e-11
1.199000000000001037e-01 3.842560637807414991e-11
1.202000000000000984e-01 3.798563611940017131e-11
1.205000000000001070e-01 3.755178144194643525e-11
1.208000000000001156e-01 3.712394242978584127e-11
1.211000000000001103e-01 3.670202104179723292e-11
1.214000000000001050e-01 3.628592107196116780e-11
1.217000000000000998e-01 3.587554811059188160e-11
1.220000000000001222e-01 3.547080950648103129e-11
1.222000000000001002e-01 3.520406899558045970e-11
1.225000000000001227e-01 3.480851975466351570e-11
1.228000000000001174e-01 3.441836611971192671e-11
1.231000000000001121e-01 3.403352157749831069e-11
1.234000000000001068e-01 3.365390120799175833e-11
1.237000000000001015e-01 3.327942165124224526e-11
1.240000000000001101e-01 3.291000107503118804e-11
1.243000000000001187e-01 3.254555914326903468e-11
1.246000000000001134e-01 3.218601698512062556e-11
1.249000000000001082e-01 3.183129716484028809e-11
1.252000000000001168e-01 3.148132365229807322e-11
1.255000000000001115e-01 3.113602179418034442e-11
1.258000000000001062e-01 3.079531828584714805e-11
1.260000000000001119e-01 3.057070165144853575e-11
1.263000000000001066e-01 3.023750273640563391e-11
1.266000000000001013e-01 2.990871307844496598e-11
1.269000000000000961e-01 2.958426408746894290e-11
1.272000000000001185e-01 2.926408839893657435e-11
1.275000000000001132e-01 2.894811984914535396e-11
1.278000000000001080e-01 2.863629345106834427e-11
1.281000000000001027e-01 2.832854537073241876e-11
1.284000000000001251e-01 2.802481290412502054e-11
1.287000000000000921e-01 2.772503445461550505e-11
1.290000000000001146e-01 2.742914951087912084e-11
1.293000000000001370e-01 2.713709862531106592e-11
1.296000000000001040e-01 2.684882339291860920e-11
1.298000000000001375e-01 2.665870911101538922e-11
1.301000000000001044e-01 2.637659961161403776e-11
1.304000000000001269e-01 2.609811496041569488e-11
1.307000000000000939e-01 2.582320040216542990e-11
1.310000000000001164e-01 2.555180213170375022e-11
1.313000000000001388e-01 2.528386727535683415e-11
1.316000000000001058e-01 2.501934387273220813e-11
1.319000000000001283e-01 2.475818085891080831e-11
1.322000000000000952e-01 2.450032804702586217e-11
1.325000000000001177e-01 2.424573611121880287e-11
1.328000000000001402e-01 2.399435656996421288e-11
1.331000000000001071e-01 2.374614176975398041e-11
1.334000000000001296e-01 2.350104486913255526e-11
1.336000000000001076e-01 2.333935633122809761e-11
1.339000000000001300e-01 2.309935399401388294e-11
1.342000000000001247e-01 2.286234849813048877e-11
1.345000000000001195e-01 2.262829584851620969e-11
1.348000000000001142e-01 2.239715279206430965e-11
1.351000000000001089e-01 2.216887680349711982e-11
1.354000000000001314e-01 2.194342607153938175e-11
1.357000000000001261e-01 2.172075948538456448e-11
1.360000000000001208e-01 2.150083662144645548e-11
1.363000000000001155e-01 2.128361773039001554e-11
1.366000000000001102e-01 2.106906372443492217e-11
1.369000000000001327e-01 2.085713616492510002e-11
1.372000000000001274e-01 2.064779725015868070e-11
1.374000000000001331e-01 2.050965772540201056e-11
1.377000000000001279e-01 2.030455090710457074e-11
1.380000000000001226e-01 2.010193495317377022e-11
1.383000000000001173e-01 1.990177429732794851e-11
1.386000000000001398e-01 1.970403395671267514e-11
1.389000000000001345e-01 1.950867952109570605e-11
1.392000000000001292e-01 1.931567714228453253e-11
1.395000000000001239e-01 1.912499352376222811e-11
1.398000000000001186e-01 1.893659591053572915e-11
1.401000000000001411e-01 1.875045207919252285e-11
1.404000000000001358e-01 1.856653032816038554e-11
1.407000000000001305e-01 1.838479946816608690e-11
1.410000000000001252e-01 1.820522881288843328e-11
1.412000000000001310e-01 1.808670022649639214e-11
1.415000000000001257e-01 1.791066305769276605e-11
1.418000000000001204e-01 1.773670665323962252e-11
1.421000000000001429e-01 1.756480209402807752e-11
1.424000000000001098e-01 1.739492092272563186e-11
1.427000000000001323e-01 1.722703513545085036e-11
1.430000000000001270e-01 1.706111717361544495e-11
1.433000000000001217e-01 1.689713991592952231e-11
1.436000000000001442e-01 1.673507667056702350e-11
1.439000000000001112e-01 1.657490116748726806e-11
1.442000000000001336e-01 1.641658755090945542e-11
1.445000000000001283e-01 1.626011037193689252e-11
1.448000000000001231e-01 1.610544458132725748e-11
1.450000000000001288e-01 1.600332818904245636e-11
1.453000000000001235e-01 1.585162677713985337e-11
1.456000000000001460e-01 1.570167185603629108e-11
1.459000000000001129e-01 1.555343978231455125e-11
1.462000000000001354e-01 1.540690728031584457e-11
1.465000000000001579e-01 1.526205143568100035e-11
1.468000000000001248e-01 1.511884968901788507e-11
1.471000000000001473e-01 1.497727982969251370e-11
1.474000000000001143e-01 1.483731998974115865e-11
1.477000000000001367e-01 1.469894863790076508e-11
1.480000000000001315e-01 1.456214457375529735e-11
1.483000000000001262e-01 1.442688692199534476e-11
1.486000000000001486e-01 1.429315512678873089e-11
1.488000000000001266e-01 1.420483828599225988e-11
1.491000000000001491e-01 1.407360475568120049e-11
1.494000000000001160e-01 1.394384378661015748e-11
1.497000000000001385e-01 1.381553594793094704e-11
1.500000000000001332e-01 1.368866210340107583e-11
1.503000000000001279e-01 1.356320340633999583e-11
1.506000000000001504e-01 1.343914129468144471e-11
1.509000000000001174e-01 1.331645748612012678e-11
1.512000000000001398e-01 1.319513397335043223e-11
1.515000000000001346e-01 1.307515301939554379e-11
1.518000000000001293e-01 1.295649715302486252e-11
1.521000000000001517e-01 1.283914916425791288e-11
1.523000000000001297e-01 1.276163538805526508e-11
1.526000000000001522e-01 1.264642964651882500e-11
1.529000000000001469e-01 1.253248713324255067e-11
1.532000000000001416e-01 1.241979155904779526e-11
1.535000000000001363e-01 1.230832687611697346e-11
1.538000000000001311e-01 1.219807727395510741e-11
1.541000000000001258e-01 1.208902717542653623e-11
1.544000000000001482e-01 1.198116123286552081e-11
1.547000000000001430e-01 1.187446432425891195e-11
1.550000000000001377e-01 1.176892154949960539e-11
1.553000000000001324e-01 1.166451822670937020e-11
1.556000000000001271e-01 1.156123988862944127e-11
1.559000000000001496e-01 1.145907227907771291e-11
1.561000000000001275e-01 1.139157066476947550e-11
1.564000000000001500e-01 1.129122315132847047e-11
1.567000000000001447e-01 1.119194935561438967e-11
1.570000000000001394e-01 1.109373576612057431e-11
1.573000000000001342e-01 1.099656906672416958e-11
1.576000000000001289e-01 1.090043613349548390e-11
1.579000000000001513e-01 1.080532403156538800e-11
1.582000000000001461e-01 1.071122001204961841e-11
1.585000000000001408e-01 1.061811150902875872e-11
1.588000000000001632e-01 1.052598613658298129e-11
1.591000000000001302e-01 1.043483168588018249e-11
1.594000000000001527e-01 1.034463612231669558e-11
1.597000000000001474e-01 1.025538758270940671e-11
1.599000000000001531e-01 1.019640889879420891e-11
1.602000000000001478e-01 1.010871282668799176e-11
1.605000000000001426e-01 1.002193296062476578e-11
1.608000000000001650e-01 9.936058042744449131e-12
1.611000000000001320e-01 9.851076974154757866e-12
1.614000000000001545e-01 9.766978812396104188e-12
1.617000000000001214e-01 9.683752768951679390e-12
1.620000000000001439e-01 9.601388206801495330e-12
1.623000000000001664e-01 9.519874638019906196e-12
1.626000000000001333e-01 9.439201721415474807e-12
1.629000000000001558e-01 9.359359260212453215e-12
1.632000000000001227e-01 9.280337199773169966e-12
1.635000000000001452e-01 9.202125625360327213e-12
1.637000000000001232e-01 9.150430011999574535e-12
1.640000000000001457e-01 9.073547587907805359e-12
1.643000000000001681e-01 8.997449877903460622e-12
1.646000000000001351e-01 8.922127461699180741e-12
1.649000000000001576e-01 8.847571048972459757e-12
1.652000000000001523e-01 8.773771477340665192e-12
1.655000000000001470e-01 8.700719710371145219e-12
1.658000000000001695e-01 8.628406835625817322e-12
1.661000000000001364e-01 8.556824062739658424e-12
1.664000000000001589e-01 8.485962721532259630e-12
1.667000000000001536e-01 8.415814260152028747e-12
1.670000000000001483e-01 8.346370243252266732e-12
1.673000000000001708e-01 8.277622350198544518e-12
1.675000000000001488e-01 8.232173099193126734e-12
1.678000000000001435e-01 8.164567228244990596e-12
1.681000000000001382e-01 8.097635840296661136e-12
1.684000000000001607e-01 8.031371020479302173e-12
1.687000000000001554e-01 7.965764960668077887e-12
1.690000000000001501e-01 7.900809957856149996e-12
1.693000000000001448e-01 7.836498412556362860e-12
1.696000000000001395e-01 7.772822827230020375e-12
1.699000000000001620e-01 7.709775804742122943e-12
1.702000000000001567e-01 7.647350046842812507e-12
1.705000000000001514e-01 7.585538352674347081e-12
1.708000000000001461e-01 7.524333617303171825e-12
1.711000000000001686e-01 7.463728830276697282e-12
1.713000000000001466e-01 7.423655523778812962e-12
1.716000000000001691e-01 7.364035324005009886e-12
1.719000000000001638e-01 7.304996829225779648e-12
1.722000000000001585e-01 7.246533363457085272e-12
1.725000000000001532e-01 7.188638338773495648e-12
1.728000000000001479e-01 7.131305253996181754e-12
1.731000000000001704e-01 7.074527693402882449e-12
1.734000000000001651e-01 7.018299325459080502e-12
1.737000000000001598e-01 6.962613901570248291e-12
1.740000000000001545e-01 6.907465254854719718e-12
1.743000000000001493e-01 6.852847298936706864e-12
1.746000000000001717e-01 6.798754026759286123e-12
1.749000000000001387e-01 6.745179509416814991e-12
1.751000000000001722e-01 6.709748468689192415e-12
1.754000000000001391e-01 6.657025576024101125e-12
1.757000000000001616e-01 6.604806001177652876e-12
1.760000000000001563e-01 6.553084092115528594e-12
1.763000000000001510e-01 6.501854269753735658e-12
1.766000000000001735e-01 6.451111026895118594e-12
1.769000000000001405e-01 6.400848927183120194e-12
1.772000000000001629e-01 6.351062604072481259e-12
1.775000000000001854e-01 6.301746759816685901e-12
1.778000000000001524e-01 6.252896164471666930e-12
1.781000000000001748e-01 6.204505654915677601e-12
1.784000000000001418e-01 6.156570133884908882e-12
1.787000000000001643e-01 6.109084569024595355e-12
1.789000000000001422e-01 6.077675045309089825e-12
1.792000000000001647e-01 6.030928397733117505e-12
1.795000000000001872e-01 5.984618596995219168e-12
1.798000000000001541e-01 5.938740840865763860e-12
1.801000000000001766e-01 5.893290387793242843e-12
1.804000000000001436e-01 5.848262556038272888e-12
1.807000000000001660e-01 5.803652722821317512e-12
1.810000000000001608e-01 5.759456323484007428e-12
1.813000000000001555e-01 5.715668850663678107e-12
1.816000000000001779e-01 5.672285853481011372e-12
1.819000000000001449e-01 5.629302936740535444e-12
1.822000000000001674e-01 5.586715760143681338e-12
1.825000000000001621e-01 5.544520037514272004e-12
1.827000000000001678e-01 5.516604937734963080e-12
1.830000000000001625e-01 5.475052258137165787e-12
1.833000000000001573e-01 5.433879861542264788e-12
1.836000000000001797e-01 5.393083653790891971e-12
1.839000000000001744e-01 5.352659591389265611e-12
1.842000000000001692e-01 5.312603680800950086e-12
1.845000000000001639e-01 5.272911977749623405e-12
1.848000000000001586e-01 5.233580586532720050e-12
1.851000000000001811e-01 5.194605659345714085e-12
1.854000000000001758e-01 5.155983395616878534e-12
1.857000000000001705e-01 5.117710041352340088e-12
1.860000000000001652e-01 5.079781888491260317e-12
1.863000000000001599e-01 5.042195274270956775e-12
1.865000000000001656e-01 5.017325486616058367e-12
1.868000000000001604e-01 4.980300085046436237e-12
1.871000000000001551e-01 4.943606671484676948e-12
1.874000000000001775e-01 4.907241743985886220e-12
1.877000000000001723e-01 4.871201843067236861e-12
1.880000000000001670e-01 4.835483551126334783e-12
1.883000000000001617e-01 4.800083491868511132e-12
1.886000000000001564e-01 4.764998329742803857e-12
1.889000000000001789e-01 4.730224769386547126e-12
1.892000000000001736e-01 4.695759555078397337e-12
1.895000000000001683e-01 4.661599470199611551e-12
1.898000000000001908e-01 4.627741336703563803e-12
1.901000000000001577e-01 4.594182014593207671e-12
1.903000000000001912e-01 4.571973605902342024e-12
1.906000000000001582e-01 4.538905426714075222e-12
1.909000000000001807e-01 4.506127867717122114e-12
1.912000000000001754e-01 4.473637924085324765e-12
1.915000000000001701e-01 4.441432626705931866e-12
1.918000000000001926e-01 4.409509041700120742e-12
1.921000000000001595e-01 4.377864269950638450e-12
1.924000000000001820e-01 4.346495446636540152e-12
1.927000000000001767e-01 4.315399740774847041e-12
1.930000000000001714e-01 4.284574354769045476e-12
1.933000000000001939e-01 4.254016523964281920e-12
1.936000000000001608e-01 4.223723516209180970e-12
1.939000000000001833e-01 4.193692631424138665e-12
1.941000000000001613e-01 4.173816346405306908e-12
1.944000000000001838e-01 4.144216418823657080e-12
1.947000000000001507e-01 4.114871567580606237e-12
1.950000000000001732e-01 4.085779206601821695e-12
1.953000000000001957e-01 4.056936779952998407e-12
1.956000000000001626e-01 4.028341761443009374e-12
1.959000000000001851e-01 3.999991654232903668e-12
1.962000000000001521e-01 3.971883990450613945e-12
1.965000000000001745e-01 3.944016330811318508e-12
1.968000000000001970e-01 3.916386264243332719e-12
1.971000000000001640e-01 3.888991407519464328e-12
1.974000000000001864e-01 3.861829404893732549e-12
1.977000000000001811e-01 3.834897927743377380e-12
1.979000000000001869e-01 3.817070541543342359e-12
1.982000000000001816e-01 3.790518171353610998e-12
1.985000000000001763e-01 3.764190246914120008e-12
1.988000000000001988e-01 3.738084536074153433e-12
1.991000000000001657e-01 3.712198832202966396e-12
1.994000000000001882e-01 3.686530953860150397e-12
1.997000000000001829e-01 3.661078744470764582e-12
2.000000000000001776e-01 3.635840072005142941e-12
2.003000000000001724e-01 3.610812828663253005e-12
2.006000000000001671e-01 3.585994930563642817e-12
2.009000000000001895e-01 3.561384317436775437e-12
2.012000000000001843e-01 3.536978952322801051e-12
2.015000000000001790e-01 3.512776821273597473e-12
2.017000000000001847e-01 3.496753990804918044e-12
2.020000000000001794e-01 3.472886169328835555e-12
2.023000000000001741e-01 3.449216321670645308e-12
2.026000000000001966e-01 3.425742515777387065e-12
2.029000000000001913e-01 3.402462841272489708e-12
2.032000000000001860e-01 3.379375409181010759e-12
2.035000000000001807e-01 3.356478351658784005e-12
2.038000000000001755e-01 3.333769821725329826e-12
2.041000000000001979e-01 3.311247993000611024e-12
2.044000000000001926e-01 3.288911059445412007e-12
2.047000000000001874e-01 3.266757235105406767e-12
2.050000000000001821e-01 3.244784753858810633e-12
2.053000000000001768e-01 3.222991869167562076e-12
2.055000000000001825e-01 3.208562201510868280e-12
2.058000000000001772e-01 3.187064815630556616e-12
2.061000000000001997e-01 3.165742462758432556e-12
2.064000000000001667e-01 3.144593466090286181e-12
2.067000000000001891e-01 3.123616167289611399e-12
2.070000000000001839e-01 3.102808926257829064e-12
2.073000000000001786e-01 3.082170120907660895e-12
2.076000000000002010e-01 3.061698146939664289e-12
2.079000000000001680e-01 3.041391417621854932e-12
2.082000000000001905e-01 3.021248363572356198e-12
2.085000000000001852e-01 3.001267432545066486e-12
2.088000000000001799e-01 2.981447089218261653e-12
2.091000000000002024e-01 2.961785814986120059e-12
2.093000000000001803e-01 2.948765928101745782e-12
2.096000000000002028e-01 2.929366439098611787e-12
2.099000000000001698e-01 2.910122049741961751e-12
2.102000000000001922e-01 2.891031300979696071e-12
2.105000000000002147e-01 2.872092749539841309e-12
2.108000000000001817e-01 2.853304967737737937e-12
2.111000000000002041e-01 2.834666543285822329e-12
2.114000000000001711e-01 2.816176079106030027e-12
2.117000000000001936e-01 2.797832193144716906e-12
2.120000000000002160e-01 2.779633518190126107e-12
2.123000000000001830e-01 2.761578701692291262e-12
2.126000000000002055e-01 2.743666405585386940e-12
2.129000000000001724e-01 2.725895306112498433e-12
2.131000000000002059e-01 2.714125701735417462e-12
2.134000000000001729e-01 2.696587026620682113e-12
2.137000000000001954e-01 2.679186086768720418e-12
2.140000000000001901e-01 2.661921609427063761e-12
2.143000000000001848e-01 2.644792335365005458e-12
2.146000000000002073e-01 2.627797018711291609e-12
2.149000000000001742e-01 2.610934426793996212e-12
2.152000000000001967e-01 2.594203339982500992e-12
2.155000000000001914e-01 2.577602551531623556e-12
2.158000000000001861e-01 2.561130867427791282e-12
2.161000000000002086e-01 2.544787106237276696e-12
2.164000000000002033e-01 2.528570098956446686e-12
2.167000000000001980e-01 2.512478688864002113e-12
2.169000000000002037e-01 2.501820292629331732e-12
2.172000000000001985e-01 2.485935673590626544e-12
2.175000000000001932e-01 2.470173626094371499e-12
2.178000000000001879e-01 2.454533037221609073e-12
2.181000000000002104e-01 2.439012805671577325e-12
2.184000000000002051e-01 2.423611841624666109e-12
2.187000000000001998e-01 2.408329066607188790e-12
2.190000000000001945e-01 2.393163413357905267e-12
2.193000000000001892e-01 2.378113825696323748e-12
2.196000000000002117e-01 2.363179258392701323e-12
2.199000000000002064e-01 2.348358677039758672e-12
2.202000000000002011e-01 2.333651057926074576e-12
2.205000000000001958e-01 2.319055387911105714e-12
2.207000000000002016e-01 2.309386639594910223e-12
2.210000000000001963e-01 2.294975328308643800e-12
2.213000000000001910e-01 2.280673315160021109e-12
2.216000000000001857e-01 2.266479624725352648e-12
2.219000000000002082e-01 2.252393291589833523e-12
2.222000000000002029e-01 2.238413360231487738e-12
2.225000000000001976e-01 2.224538884906624691e-12
2.228000000000002201e-01 2.210768929536779572e-12
2.231000000000001871e-01 2.197102567597100125e-12
2.234000000000002095e-01 2.183538882006173300e-12
2.237000000000002042e-01 2.170076965017278869e-12
2.240000000000001990e-01 2.156715918111014679e-12
2.243000000000002214e-01 2.143454851889332311e-12
2.245000000000001994e-01 2.134669250775496973e-12
2.248000000000002219e-01 2.121572867031049274e-12
2.251000000000001888e-01 2.108574136044832324e-12
2.254000000000002113e-01 2.095672200978692952e-12
2.257000000000002060e-01 2.082866213638881315e-12
2.260000000000002007e-01 2.070155334377481914e-12
2.263000000000002232e-01 2.057538731995147166e-12
2.266000000000001902e-01 2.045015583645026922e-12
2.269000000000002126e-01 2.032585074737935520e-12
2.272000000000001796e-01 2.020246398848711951e-12
2.275000000000002021e-01 2.007998757623765865e-12
2.278000000000002245e-01 1.995841360689793267e-12
2.280000000000002025e-01 1.987786178384244856e-12
2.283000000000002250e-01 1.975777453606475190e-12
2.286000000000001919e-01 1.963856903790359976e-12
2.289000000000002144e-01 1.952023767061038908e-12
2.292000000000002091e-01 1.940277289112902773e-12
2.295000000000002038e-01 1.928616723124598226e-12
2.298000000000002263e-01 1.917041329675125904e-12
2.301000000000001933e-01 1.905550376660977769e-12
2.304000000000002157e-01 1.894143139214314491e-12
2.307000000000002105e-01 1.882818899622148521e-12
2.310000000000002052e-01 1.871576947246554691e-12
2.313000000000002276e-01 1.860416578445850563e-12
2.316000000000001946e-01 1.849337096496775617e-12
2.318000000000002281e-01 1.841995371375607356e-12
2.321000000000001950e-01 1.831049171119589811e-12
2.324000000000002175e-01 1.820182033028318952e-12
2.327000000000002122e-01 1.809393285095634666e-12
2.330000000000002069e-01 1.798682261883134157e-12
2.333000000000002017e-01 1.788048304447636121e-12
2.336000000000001964e-01 1.777490760269550259e-12
2.339000000000002188e-01 1.767008983182109914e-12
2.342000000000002136e-01 1.756602333301486618e-12
2.345000000000002083e-01 1.746270176957760502e-12
2.348000000000002030e-01 1.736011886626721911e-12
2.351000000000002255e-01 1.725826840862529903e-12
2.354000000000002202e-01 1.715714424231178329e-12
2.356000000000002259e-01 1.709012861437444338e-12
2.359000000000002206e-01 1.699020141850225886e-12
2.362000000000002153e-01 1.689098439132421399e-12
2.365000000000002101e-01 1.679247159337214865e-12
2.368000000000002048e-01 1.669465714229698782e-12
2.371000000000002272e-01 1.659753521224815828e-12
2.374000000000002220e-01 1.650110003326032985e-12
2.377000000000002167e-01 1.640534589064759451e-12
2.380000000000002114e-01 1.631026712440509728e-12
2.383000000000002061e-01 1.621585812861771930e-12
2.386000000000002286e-01 1.612211335087599656e-12
2.389000000000002233e-01 1.602902729169901805e-12
2.392000000000002180e-01 1.593659450396429926e-12
2.394000000000001960e-01 1.587533290757968257e-12
2.397000000000002184e-01 1.578397694129140234e-12
2.400000000000002132e-01 1.569325997249745079e-12
2.403000000000002079e-01 1.560317674128799314e-12
2.406000000000002303e-01 1.551372203754000418e-12
2.409000000000001973e-01 1.542489070038477482e-12
2.412000000000002198e-01 1.533667761768170722e-12
2.415000000000002423e-01 1.524907772549842295e-12
2.418000000000002092e-01 1.516208600759703049e-12
2.421000000000002317e-01 1.507569749492650573e-12
2.424000000000001986e-01 1.498990726512108245e-12
2.427000000000002211e-01 1.490471044200460434e-12
2.430000000000002436e-01 1.482010219510075775e-12
2.432000000000002216e-01 1.476402131901178417e-12
2.435000000000002440e-01 1.468038342066220676e-12
2.438000000000002110e-01 1.459732143701371541e-12
2.441000000000002335e-01 1.451483070105831162e-12
2.444000000000002004e-01 1.443290658927754469e-12
2.447000000000002229e-01 1.435154452118443216e-12
2.450000000000002454e-01 1.427073995887097025e-12
2.453000000000002123e-01 1.419048840656081608e-12
2.456000000000002348e-01 1.411078541016723483e-12
2.459000000000002017e-01 1.403162655685628127e-12
2.462000000000002242e-01 1.395300747461495741e-12
2.465000000000002189e-01 1.387492383182454802e-12
2.468000000000002137e-01 1.379737133683886960e-12
2.470000000000002194e-01 1.374596265421565656e-12
2.473000000000002141e-01 1.366928597582806505e-12
2.476000000000002366e-01 1.359312919312165818e-12
2.479000000000002313e-01 1.351748815748642089e-12
2.482000000000002260e-01 1.344235875838050462e-12
2.485000000000002207e-01 1.336773692293555347e-12
2.488000000000002154e-01 1.329361861556646724e-12
2.491000000000002379e-01 1.321999983758572439e-12
2.494000000000002326e-01 1.314687662682214993e-12
2.497000000000002273e-01 1.307424505724407372e-12
2.500000000000002220e-01 1.300210123858677599e-12
2.503000000000001890e-01 1.293044131598434155e-12
2.506000000000002115e-01 1.285926146960554277e-12
2.508000000000001894e-01 1.281207307707032211e-12
2.511000000000002119e-01 1.274168496323481015e-12
2.514000000000002344e-01 1.267176690796393667e-12
2.517000000000002014e-01 1.260231521683986854e-12
2.520000000000002238e-01 1.253332622883511559e-12
2.523000000000001908e-01 1.246479631597158722e-12
2.526000000000002133e-01 1.239672188298331435e-12
2.529000000000002357e-01 1.232909936698322853e-12
2.532000000000002027e-01 1.226192523713358011e-12
2.535000000000002252e-01 1.219519599432009454e-12
2.538000000000002476e-01 1.212890817082995152e-12
2.541000000000002146e-01 1.206305833003326391e-12
2.544000000000002371e-01 1.199764306606819575e-12
2.546000000000002150e-01 1.195427265355387813e-12
2.549000000000002375e-01 1.188957419830907501e-12
2.552000000000002045e-01 1.182530138566315468e-12
2.555000000000002269e-01 1.176145091993376741e-12
2.558000000000002494e-01 1.169801953478362975e-12
2.561000000000002719e-01 1.163500399292520731e-12
2.564000000000001833e-01 1.157240108582875394e-12
2.567000000000002058e-01 1.151020763343354975e-12
2.570000000000002283e-01 1.144842048386250363e-12
2.573000000000002507e-01 1.138703651313984957e-12
2.576000000000002732e-01 1.132605262491199341e-12
2.579000000000001847e-01 1.126546575017152611e-12
2.582000000000002071e-01 1.120527284698425620e-12
2.584000000000001851e-01 1.116536162789608547e-12
2.587000000000002076e-01 1.110581865678867579e-12
2.590000000000002300e-01 1.104666167572491017e-12
2.593000000000002525e-01 1.098788773975264692e-12
2.596000000000002750e-01 1.092949392975882293e-12
2.599000000000001864e-01 1.087147735221322969e-12
2.602000000000002089e-01 1.081383513891510642e-12
2.605000000000002314e-01 1.075656444674261092e-12
2.608000000000002538e-01 1.069966245740497039e-12
2.611000000000002763e-01 1.064312637719737868e-12
2.614000000000001878e-01 1.058695343675861777e-12
2.617000000000002102e-01 1.053114089083129261e-12
2.620000000000002327e-01 1.047568601802481432e-12
2.622000000000002107e-01 1.043891347691800645e-12
2.625000000000002331e-01 1.038404874252622208e-12
2.628000000000002556e-01 1.032953453912036534e-12
2.631000000000002781e-01 1.027536823083445408e-12
2.634000000000001895e-01 1.022154720459668972e-12
2.637000000000002120e-01 1.016806886990664756e-12
2.640000000000002345e-01 1.011493065861502385e-12
2.643000000000002570e-01 1.006213002470558598e-12
2.646000000000002794e-01 1.000966444407966128e-12
2.649000000000002464e-01 9.957531414342869435e-13
2.652000000000002133e-01 9.905728454594225699e-13
2.655000000000002358e-01 9.854253105217455560e-13
2.658000000000002583e-01 9.803102927674684243e-13
2.660000000000002363e-01 9.769182265570827118e-13
2.663000000000002587e-01 9.718568678715528401e-13
2.666000000000002812e-01 9.668273862430719350e-13
2.669000000000002482e-01 9.618295453735908448e-13
2.672000000000002151e-01 9.568631109794938076e-13
2.675000000000002376e-01 9.519278507721879802e-13
2.678000000000002601e-01 9.470235344389074352e-13
2.681000000000002825e-01 9.421499336237152702e-13
2.684000000000002495e-01 9.373068219087169548e-13
2.687000000000002164e-01 9.324939747954677497e-13
2.690000000000002389e-01 9.277111696865836903e-13
2.693000000000002614e-01 9.229581858675492676e-13
2.696000000000002284e-01 9.182348044887161527e-13
2.698000000000002618e-01 9.151022221323567484e-13
2.701000000000002288e-01 9.104276968300311140e-13
2.704000000000002513e-01 9.057821993511458368e-13
2.707000000000002182e-01 9.011655175329785394e-13
2.710000000000002407e-01 8.965774409961745194e-13
2.713000000000002632e-01 8.920177611278079246e-13
2.716000000000002301e-01 8.874862710646175117e-13
2.719000000000002526e-01 8.829827656764212314e-13
2.722000000000002196e-01 8.785070415497065072e-13
2.725000000000002420e-01 8.740588969713936861e-13
2.728000000000002645e-01 8.696381319127710440e-13
2.731000000000002315e-01 8.652445480135990238e-13
2.734000000000002539e-01 8.608779485663795663e-13
2.736000000000002319e-01 8.579817772325004544e-13
2.739000000000002544e-01 8.536597191837789445e-13
2.742000000000002213e-01 8.493641289959159576e-13
2.745000000000002438e-01 8.450948158895497071e-13
2.748000000000002663e-01 8.408515906668164498e-13
2.751000000000002332e-01 8.366342656965311090e-13
2.754000000000002557e-01 8.324426548995262252e-13
2.757000000000002227e-01 8.282765737341424690e-13
2.760000000000002451e-01 8.241358391818666774e-13
2.763000000000002676e-01 8.200202697331297320e-13
2.766000000000002346e-01 8.159296853732430752e-13
2.769000000000002570e-01 8.118639075684806289e-13
2.772000000000002795e-01 8.078227592523154055e-13
2.774000000000002575e-01 8.051422566422332847e-13
2.777000000000002800e-01 8.011417679344066494e-13
2.780000000000002469e-01 7.971654436075320943e-13
2.783000000000002694e-01 7.932131118592741866e-13
2.786000000000002363e-01 7.892846022920915019e-13
2.789000000000002588e-01 7.853797459002591177e-13
2.792000000000002813e-01 7.814983750570139923e-13
2.795000000000002482e-01 7.776403235018410013e-13
2.798000000000002707e-01 7.738054263278856955e-13
2.801000000000002377e-01 7.699935199695013561e-13
2.804000000000002601e-01 7.662044421899168136e-13
2.807000000000002826e-01 7.624380320690347263e-13
2.810000000000002496e-01 7.586941299913562781e-13
2.812000000000002831e-01 7.562106215043845350e-13
2.815000000000002500e-01 7.525038816364554030e-13
2.818000000000002170e-01 7.488192304579017556e-13
2.821000000000002395e-01 7.451565130353990469e-13
2.824000000000002619e-01 7.415155756854669891e-13
2.827000000000002844e-01 7.378962659630779466e-13
2.830000000000002514e-01 7.342984326503748874e-13
2.833000000000002183e-01 7.307219257455043434e-13
2.836000000000002408e-01 7.271665964515705407e-13
2.839000000000002633e-01 7.236322971656893926e-13
2.842000000000002857e-01 7.201188814681614403e-13
2.845000000000002527e-01 7.166262041117549570e-13
2.848000000000002196e-01 7.131541210110874004e-13
2.850000000000002531e-01 7.108507695653920617e-13
2.853000000000002201e-01 7.074126931569694113e-13
2.856000000000002426e-01 7.039948323772301553e-13
2.859000000000002650e-01 7.005970473118556448e-13
2.862000000000002875e-01 6.972191991602576668e-13
2.865000000000002545e-01 6.938611502255593812e-13
2.868000000000002214e-01 6.905227639046721824e-13
2.871000000000002439e-01 6.872039046784800986e-13
2.874000000000002664e-01 6.839044381021153711e-13
2.877000000000002888e-01 6.806242307953340985e-13
2.880000000000002558e-01 6.773631504329888169e-13
2.883000000000002228e-01 6.741210657355913504e-13
2.886000000000002452e-01 6.708978464599793619e-13
2.888000000000002232e-01 6.687594505470483608e-13
2.891000000000002457e-01 6.655673869972675196e-13
2.894000000000002681e-01 6.623938465506071348e-13
2.897000000000002906e-01 6.592387026853409681e-13
2.900000000000003131e-01 6.561018298736955057e-13
2.903000000000002245e-01 6.529831035730237031e-13
2.906000000000002470e-01 6.498824002170658703e-13
2.909000000000002695e-01 6.467995972072990105e-13
2.912000000000002919e-01 6.437345729043710780e-13
2.915000000000003144e-01 6.406872066196169246e-13
2.918000000000002259e-01 6.376573786066624968e-13
2.921000000000002483e-01 6.346449700531066828e-13
2.924000000000002708e-01 6.316498630722908046e-13
2.926000000000002488e-01 6.296626792699147979e-13
2.929000000000002712e-01 6.266961487618688944e-13
2.932000000000002937e-01 6.237466099262343966e-13
2.935000000000003162e-01 6.208139482015900124e-13
2.938000000000002276e-01 6.178980499148883532e-13
2.941000000000002501e-01 6.149988022736674912e-13
2.944000000000002726e-01 6.121160933583428922e-13
2.947000000000002951e-01 6.092498121145715452e-13
2.950000000000003175e-01 6.063998483456903074e-13
2.953000000000002290e-01 6.035660927052306873e-13
2.956000000000002514e-01 6.007484366895028960e-13
2.959000000000002739e-01 5.979467726302557297e-13
2.962000000000002964e-01 5.951609936874046102e-13
2.964000000000002744e-01 5.933125804014801057e-13
2.967000000000002968e-01 5.905530414567700728e-13
2.970000000000002638e-01 5.878091067158459526e-13
2.973000000000002307e-01 5.850806723141634866e-13
2.976000000000002532e-01 5.823676351823354662e-13
2.979000000000002757e-01 5.796698930392541788e-13
2.982000000000002982e-01 5.769873443852732257e-13
2.985000000000002651e-01 5.743198884954617397e-13
2.988000000000002321e-01 5.716674254129190848e-13
2.991000000000002546e-01 5.690298559421560993e-13
2.994000000000002770e-01 5.664070816425395474e-13
2.997000000000002995e-01 5.637990048217989741e-13
3.000000000000002665e-01 5.612055285295967691e-13
