1.000000000000000021e-03 6.578105771899455112e-01
1.200000000000000112e-03 1.058147557838396563e-01
1.500000000000000465e-03 8.149566542178607320e-02
1.800000000000000818e-03 5.756195808137661019e-02
2.100000000000001171e-03 1.975321426167903766e-02
2.400000000000001091e-03 2.836579466638541186e-02
2.700000000000001444e-03 9.847907754660642499e-03
3.000000000000001797e-03 8.827847068603218370e-03
3.300000000000002150e-03 6.093763293265217970e-03
3.600000000000002504e-03 4.413118515186938845e-03
3.900000000000002857e-03 5.355286038882790985e-03
4.200000000000003210e-03 2.511795990122050147e-03
4.500000000000003997e-03 2.201513805809421354e-03
4.700000000000002787e-03 1.723105900627521295e-03
5.000000000000003574e-03 1.294171703719135908e-03
5.300000000000004360e-03 1.025609747837073760e-03
5.600000000000004280e-03 8.103220197774855691e-04
5.900000000000004199e-03 6.408416382653252079e-04
6.200000000000004986e-03 5.067106258423755959e-04
6.500000000000005773e-03 1.835641574787096443e-03
6.800000000000005693e-03 3.185435995373787975e-04
7.100000000000004745e-03 2.528455447383343244e-04
7.400000000000005532e-03 2.024805935117680790e-04
7.700000000000006319e-03 4.923520837323083505e-04
8.000000000000007105e-03 1.307185812403745880e-04
8.300000000000007025e-03 1.778648266301176447e-04
8.500000000000007550e-03 9.951578121012657509e-05
8.800000000000007469e-03 7.766349548771936775e-05
9.100000000000007389e-03 6.570209917602556199e-05
9.400000000000007308e-03 5.108640181055772519e-05
9.700000000000008962e-03 4.161460773194466180e-05
1.000000000000000715e-02 3.383635146668753332e-05
1.030000000000000880e-02 2.763508904251506270e-05
1.060000000000000872e-02 2.259217663441675210e-05
1.090000000000000864e-02 1.850144630491848256e-05
1.120000000000001029e-02 1.517925296375772373e-05
1.150000000000000848e-02 1.247855445864416010e-05
1.180000000000001013e-02 1.028040049636655432e-05
1.210000000000001005e-02 8.487688598620759530e-06
1.230000000000001058e-02 7.479029623410564789e-06
1.260000000000001050e-02 6.198961569680813845e-06
1.290000000000001042e-02 5.151093381190397898e-06
1.320000000000001034e-02 4.291906134423909451e-06
1.350000000000001026e-02 3.586223211410572634e-06
1.380000000000001191e-02 3.005578888071997947e-06
1.410000000000001183e-02 2.526926116244408580e-06
1.440000000000001348e-02 2.132286426117513112e-06
1.470000000000001167e-02 1.805738531677915871e-06
1.500000000000001332e-02 1.534865174554859939e-06
1.530000000000001324e-02 1.310031577285614469e-06
1.560000000000001316e-02 1.122898560279049228e-06
1.590000000000001482e-02 9.665150050529508760e-07
1.610000000000001708e-02 8.769773541420470470e-07
1.640000000000001179e-02 7.606140603747375833e-07
1.670000000000001344e-02 6.628931047904038305e-07
1.700000000000001510e-02 5.803558805560852035e-07
1.730000000000001675e-02 5.107735752253565154e-07
1.760000000000001494e-02 4.516072040934569310e-07
1.790000000000001659e-02 4.013043315027001453e-07
1.820000000000001825e-02 3.582091782563616274e-07
1.850000000000001296e-02 3.213153563428395069e-07
1.880000000000001462e-02 2.894669658135422300e-07
1.910000000000001627e-02 2.619457620968744886e-07
1.940000000000001792e-02 2.380245299092915904e-07
1.970000000000001611e-02 2.171421167630866323e-07
1.990000000000001837e-02 2.047005568710048054e-07
2.020000000000001655e-02 1.879112815903079625e-07
2.050000000000001821e-02 1.730869948803836765e-07
2.080000000000001986e-02 1.599620030677158613e-07
2.110000000000001805e-02 1.482660231763855219e-07
2.140000000000001970e-02 1.378105441039992372e-07
2.170000000000001789e-02 1.284332839346145826e-07
2.200000000000001954e-02 1.199761195027643170e-07
2.230000000000001772e-02 1.123232973585867508e-07
2.260000000000001938e-02 1.053809093052091947e-07
2.290000000000002103e-02 9.905182440096025355e-08
2.320000000000002269e-02 9.326372337188451649e-08
2.350000000000002087e-02 8.795858567665811022e-08
2.370000000000001966e-02 8.466143101678933910e-08
2.400000000000002132e-02 8.003835952073356549e-08
2.430000000000002297e-02 7.576601990175567730e-08
2.460000000000002462e-02 7.181002103324944708e-08
2.490000000000001934e-02 6.813779850236783564e-08
2.520000000000002099e-02 6.472064703481845823e-08
2.550000000000002265e-02 6.153469951771782154e-08
2.580000000000002083e-02 5.855946714744790394e-08
2.610000000000002249e-02 5.577638544471683771e-08
2.640000000000002414e-02 5.316811190332961138e-08
2.670000000000002580e-02 5.072011854032705327e-08
2.700000000000002051e-02 4.841943740564996995e-08
2.730000000000002217e-02 4.625487411650298197e-08
2.750000000000002442e-02 4.488203514381277333e-08
2.780000000000002608e-02 4.292088185069612266e-08
2.810000000000002426e-02 4.106976249975522921e-08
2.840000000000002245e-02 3.932077287796437228e-08
2.870000000000002410e-02 3.766679255891590349e-08
2.900000000000002576e-02 3.610135169022193909e-08
2.930000000000002741e-02 3.461831916547485951e-08
2.960000000000002560e-02 3.321226035562771269e-08
2.990000000000002725e-02 3.187819243806291219e-08
3.020000000000002544e-02 3.061153734264475004e-08
3.050000000000002709e-02 2.940811325024133315e-08
3.080000000000002527e-02 2.826402106847740346e-08
3.110000000000002693e-02 2.717563158177581778e-08
3.130000000000002919e-02 2.647933530387223535e-08
3.160000000000002390e-02 2.547652890666864818e-08
3.190000000000002556e-02 2.452110227612726927e-08
3.220000000000003415e-02 2.361033501230817147e-08
3.250000000000002887e-02 2.274170813559393978e-08
3.280000000000002358e-02 2.191285413808489481e-08
3.310000000000003217e-02 2.112156562107284893e-08
3.340000000000002689e-02 2.036579015165323986e-08
3.370000000000002854e-02 1.964360918648102485e-08
3.400000000000003020e-02 1.895322755976474466e-08
3.430000000000003185e-02 1.829296390366715023e-08
3.460000000000003351e-02 1.766124303313916135e-08
3.490000000000002822e-02 1.705658904887341375e-08
3.510000000000003395e-02 1.666783162037597975e-08
3.540000000000003560e-02 1.610523747055045665e-08
3.570000000000003032e-02 1.556618693059821843e-08
3.600000000000003197e-02 1.504950251552052979e-08
3.630000000000003363e-02 1.455407573108554682e-08
3.660000000000002834e-02 1.407886237009626679e-08
3.690000000000003694e-02 1.362287817763952945e-08
3.720000000000003165e-02 1.318519515608639539e-08
3.750000000000003331e-02 1.276493751217523545e-08
3.780000000000003496e-02 1.236127729797406894e-08
3.810000000000002968e-02 1.197343316326481125e-08
3.840000000000003827e-02 1.160066656945379697e-08
3.870000000000003298e-02 1.124227907842590240e-08
3.890000000000003177e-02 1.101101466611047468e-08
3.920000000000003343e-02 1.067514136530520461e-08
3.950000000000003508e-02 1.035196230943542281e-08
3.980000000000003674e-02 1.004090604995701411e-08
4.010000000000003839e-02 9.741431005787881432e-09
4.040000000000003311e-02 9.453023793792937255e-09
4.070000000000004170e-02 9.175197132763728457e-09
4.100000000000003642e-02 8.907488802008207841e-09
4.130000000000003113e-02 8.649459996610971165e-09
4.160000000000003972e-02 8.400693973806824946e-09
4.190000000000003444e-02 8.160794790816880910e-09
4.220000000000003609e-02 7.929386122309949567e-09
4.250000000000003775e-02 7.706110153947281918e-09
4.270000000000003654e-02 7.561608917142566670e-09
4.300000000000003819e-02 7.351139328835144434e-09
4.330000000000003985e-02 7.147931094592744413e-09
4.360000000000003456e-02 6.951685894312887560e-09
4.390000000000004315e-02 6.762119619547575399e-09
4.420000000000003787e-02 6.578961560816786795e-09
4.450000000000003952e-02 6.401953740857038025e-09
4.480000000000004118e-02 6.230850214577691698e-09
4.510000000000003589e-02 6.065416431425642424e-09
4.540000000000004449e-02 5.905428635728097781e-09
4.570000000000003920e-02 5.750673302309282894e-09
4.600000000000004086e-02 5.600946605266642759e-09
4.630000000000004251e-02 5.456053917525381335e-09
4.650000000000004130e-02 5.362052205204753989e-09
4.680000000000004295e-02 5.224807197019288794e-09
4.710000000000004461e-02 5.091918664087768345e-09
4.740000000000003932e-02 4.963221874923459663e-09
4.770000000000004098e-02 4.838559315315520845e-09
4.800000000000004263e-02 4.717780330500631461e-09
4.830000000000003735e-02 4.600740782098642142e-09
4.860000000000004594e-02 4.487302732028477609e-09
4.890000000000004066e-02 4.377334138372179750e-09
4.920000000000004925e-02 4.270708569069912400e-09
4.950000000000004396e-02 4.167304931269328618e-09
4.980000000000003868e-02 4.067007215273742707e-09
5.010000000000004727e-02 3.969704252236370635e-09
5.030000000000004606e-02 3.906446557783236472e-09
5.060000000000004772e-02 3.813900234040640211e-09
5.090000000000004243e-02 3.724074173052894625e-09
5.120000000000004409e-02 3.636873083364197881e-09
5.150000000000004574e-02 3.552205542597235107e-09
5.180000000000004740e-02 3.469983819033430048e-09
5.210000000000004211e-02 3.390123702398110555e-09
5.240000000000005070e-02 3.312544343320873027e-09
5.270000000000004542e-02 3.237168100980178538e-09
5.300000000000004707e-02 3.163920398526795147e-09
5.330000000000004873e-02 3.092729585577232318e-09
5.360000000000004344e-02 3.023526807928254044e-09
5.390000000000005204e-02 2.956245883563061310e-09
5.410000000000004389e-02 2.912428107493767338e-09
5.440000000000005248e-02 2.848210087713824800e-09
5.470000000000004720e-02 2.785749622175711435e-09
5.500000000000004885e-02 2.724989362129041052e-09
5.530000000000005050e-02 2.665874128591019020e-09
5.560000000000005216e-02 2.608350819080938984e-09
5.590000000000004687e-02 2.552368318838954309e-09
5.620000000000004853e-02 2.497877416290847425e-09
5.650000000000005018e-02 2.444830722534307302e-09
5.680000000000004490e-02 2.393182594635751308e-09
5.710000000000005349e-02 2.342889062537569999e-09
5.740000000000004821e-02 2.293907759388988504e-09
5.770000000000005680e-02 2.246197855122560060e-09
5.790000000000004865e-02 2.215078090825437885e-09
5.820000000000005724e-02 2.169400425708335134e-09
5.850000000000005196e-02 2.124892319918011601e-09
5.880000000000005361e-02 2.081518058057855718e-09
5.910000000000005527e-02 2.039243189793006763e-09
5.940000000000004998e-02 1.998034478923800880e-09
5.970000000000005164e-02 1.957859854755221100e-09
6.000000000000005329e-02 1.918688365646696601e-09
6.030000000000005494e-02 1.880490134631193943e-09
6.060000000000004966e-02 1.843236317004674861e-09
6.090000000000005825e-02 1.806899059788402015e-09
6.120000000000005297e-02 1.771451462972684885e-09
6.150000000000006156e-02 1.736867542455513588e-09
6.170000000000005341e-02 1.714278983549834850e-09
6.200000000000005507e-02 1.681079157056091632e-09
6.230000000000005672e-02 1.648677928944303939e-09
6.260000000000005838e-02 1.617052381605061848e-09
6.290000000000005309e-02 1.586180360499830448e-09
6.320000000000004781e-02 1.556040445277290951e-09
6.350000000000005640e-02 1.526611922113337315e-09
6.380000000000005111e-02 1.497874757217409321e-09
6.410000000000004583e-02 1.469809571450782834e-09
6.440000000000006830e-02 1.442397616005241918e-09
6.470000000000006302e-02 1.415620749093130616e-09
6.500000000000005773e-02 1.389461413602302862e-09
6.530000000000005245e-02 1.363902615671794715e-09
6.550000000000005818e-02 1.347188903268693566e-09
6.580000000000005289e-02 1.322594702206794137e-09
6.610000000000004761e-02 1.298558321809810045e-09
6.640000000000007008e-02 1.275064663953354245e-09
6.670000000000006479e-02 1.252099104780360482e-09
6.700000000000005951e-02 1.229647477760390016e-09
6.730000000000005422e-02 1.207696057426372593e-09
6.760000000000006282e-02 1.186231543758852821e-09
6.790000000000005753e-02 1.165241047189209181e-09
6.820000000000006612e-02 1.144712074194702564e-09
6.850000000000006084e-02 1.124632513459544242e-09
6.880000000000005556e-02 1.104990622577387460e-09
6.910000000000006415e-02 1.085775015271807590e-09
6.930000000000005600e-02 1.073195967768043589e-09
6.960000000000006459e-02 1.054666458796859996e-09
6.990000000000005931e-02 1.036534519154920244e-09
7.020000000000006790e-02 1.018789966824506180e-09
7.050000000000006262e-02 1.001422922500977503e-09
7.080000000000007121e-02 9.844237993565496119e-10
7.110000000000006593e-02 9.677832931916713437e-10
7.140000000000006064e-02 9.514923729577600560e-10
7.170000000000005536e-02 9.355422716358216647e-10
7.200000000000006395e-02 9.199244774561635677e-10
7.230000000000007254e-02 9.046307254450926851e-10
7.260000000000006726e-02 8.896529892851305647e-10
7.290000000000006197e-02 8.749834734758810332e-10
7.310000000000006770e-02 8.653712814564472987e-10
7.340000000000006242e-02 8.511987459989612210e-10
7.370000000000005713e-02 8.373147147789591322e-10
7.400000000000006573e-02 8.237121760928645242e-10
7.430000000000007432e-02 8.103843161003689397e-10
7.460000000000006903e-02 7.973245124724173361e-10
7.490000000000006375e-02 7.845263282675935266e-10
7.520000000000005846e-02 7.719835060278120876e-10
7.550000000000006706e-02 7.596899620846282344e-10
7.580000000000007565e-02 7.476397810678574633e-10
7.610000000000007037e-02 7.358272106085434501e-10
7.640000000000006508e-02 7.242466562286765507e-10
7.660000000000007081e-02 7.166524911447548221e-10
7.690000000000006553e-02 7.054466113454881316e-10
7.720000000000007412e-02 6.944585639740409754e-10
7.750000000000006883e-02 6.836832925906368636e-10
7.780000000000006355e-02 6.731158770617639890e-10
7.810000000000007214e-02 6.627515293792869804e-10
7.840000000000006686e-02 6.525855896232099437e-10
7.870000000000007545e-02 6.426135220626350162e-10
7.900000000000007017e-02 6.328309113896842079e-10
7.930000000000006488e-02 6.232334590813604407e-10
7.960000000000007347e-02 6.138169798845450717e-10
7.990000000000008207e-02 6.045773984195186111e-10
8.020000000000007678e-02 5.955107458975788048e-10
8.040000000000008251e-02 5.895604695305414022e-10
8.070000000000007723e-02 5.807734918816993956e-10
8.100000000000007194e-02 5.721493570577670307e-10
8.130000000000006666e-02 5.636844607532931970e-10
8.160000000000006137e-02 5.553752913246342190e-10
8.190000000000008384e-02 5.472184270788930762e-10
8.220000000000007856e-02 5.392105336517301850e-10
8.250000000000007327e-02 5.313483614708211845e-10
8.280000000000006799e-02 5.236287433018636255e-10
8.310000000000007658e-02 5.160485918741624666e-10
8.340000000000008518e-02 5.086048975829382270e-10
8.370000000000007989e-02 5.012947262656072127e-10
8.400000000000007461e-02 4.941152170494093790e-10
8.420000000000008034e-02 4.894000871460524273e-10
8.450000000000007505e-02 4.824321830880170659e-10
8.480000000000006977e-02 4.755876548068240713e-10
8.510000000000007836e-02 4.688638928303871989e-10
8.540000000000007307e-02 4.622583518034846795e-10
8.570000000000008167e-02 4.557685486945900570e-10
8.600000000000007638e-02 4.493920610589011590e-10
8.630000000000008498e-02 4.431265253556185708e-10
8.660000000000007969e-02 4.369696353175963778e-10
8.690000000000007441e-02 4.309191403715592345e-10
8.720000000000006912e-02 4.249728441071560728e-10
8.750000000000007772e-02 4.191286027931733422e-10
8.780000000000008631e-02 4.133843239393008792e-10
8.800000000000007816e-02 4.096093286803101658e-10
8.830000000000008675e-02 4.040271387210553968e-10
8.860000000000008147e-02 3.985395712899337248e-10
8.890000000000007618e-02 3.931447101703564421e-10
8.920000000000007090e-02 3.878406842332346203e-10
8.950000000000009337e-02 3.826256662292734440e-10
8.980000000000008809e-02 3.774978716175231114e-10
9.010000000000008280e-02 3.724555574289791354e-10
9.040000000000007752e-02 3.674970211640729580e-10
9.070000000000007223e-02 3.626205997229355642e-10
9.100000000000008082e-02 3.578246683673512121e-10
9.130000000000008942e-02 3.531076397133676138e-10
9.160000000000008413e-02 3.484679627535526840e-10
9.180000000000008986e-02 3.454170680792843006e-10
9.210000000000008458e-02 3.409029597314509896e-10
9.240000000000007929e-02 3.364622377687952705e-10
9.270000000000008789e-02 3.320934766529949391e-10
9.300000000000008260e-02 3.277952830240353281e-10
9.330000000000009119e-02 3.235662948732186873e-10
9.360000000000008591e-02 3.194051807399992608e-10
9.390000000000008062e-02 3.153106389318811936e-10
9.420000000000008922e-02 3.112813967666464381e-10
9.450000000000008393e-02 3.073162098362078485e-10
9.480000000000007865e-02 3.034138612913979599e-10
9.510000000000008724e-02 2.995731611470418891e-10
9.540000000000009583e-02 2.957929456066701401e-10
9.560000000000008769e-02 2.933058413338212113e-10
9.590000000000009628e-02 2.896239163105068929e-10
9.620000000000009099e-02 2.859994955349821312e-10
9.650000000000008571e-02 2.824315057597797233e-10
9.680000000000008042e-02 2.789188970170289423e-10
9.710000000000007514e-02 2.754606420434679213e-10
9.740000000000009761e-02 2.720557357213781267e-10
9.770000000000009233e-02 2.687031945349510749e-10
9.800000000000008704e-02 2.654020560416160062e-10
9.830000000000008176e-02 2.621513783578726882e-10
9.860000000000007647e-02 2.589502396591885121e-10
9.890000000000009894e-02 2.557977376935343500e-10
9.920000000000009366e-02 2.526929893081466680e-10
9.940000000000009939e-02 2.506492591441570310e-10
9.970000000000009410e-02 2.476221879184175187e-10
1.000000000000000888e-01 2.446406051109762586e-10
1.003000000000000835e-01 2.417036937541021350e-10
1.006000000000000921e-01 2.388106539344143517e-10
1.009000000000000868e-01 2.359607023874474020e-10
1.012000000000000954e-01 2.331530721030200011e-10
1.015000000000000902e-01 2.303870119410932626e-10
1.018000000000000987e-01 2.276617862578080560e-10
1.021000000000000935e-01 2.249766745414009432e-10
1.024000000000000882e-01 2.223309710577124635e-10
1.027000000000000968e-01 2.197239845050060594e-10
1.030000000000000915e-01 2.171550376778281389e-10
1.032000000000000833e-01 2.154632114606350118e-10
1.035000000000000919e-01 2.129561965274827968e-10
1.038000000000001005e-01 2.104854818911462927e-10
1.041000000000000952e-01 2.080504392958272355e-10
1.044000000000000900e-01 2.056504531254041531e-10
1.047000000000000847e-01 2.032849201138059043e-10
1.050000000000000933e-01 2.009532490628258374e-10
1.053000000000001019e-01 1.986548605671663337e-10
1.056000000000000966e-01 1.963891867465074340e-10
1.059000000000000913e-01 1.941556709844013578e-10
1.062000000000000860e-01 1.919537676738011679e-10
1.065000000000001085e-01 1.897829419690348507e-10
1.068000000000001032e-01 1.876426695440461696e-10
1.070000000000000950e-01 1.862325410408504173e-10
1.073000000000001036e-01 1.841420534073401419e-10
1.076000000000000983e-01 1.820807705064628867e-10
1.079000000000000931e-01 1.800482046123099908e-10
1.082000000000001017e-01 1.780438774682145694e-10
1.085000000000000964e-01 1.760673200773395227e-10
1.088000000000001050e-01 1.741180724984586371e-10
1.091000000000000997e-01 1.721956836467890707e-10
1.094000000000000944e-01 1.702997110997354320e-10
1.097000000000001030e-01 1.684297209074124275e-10
1.100000000000000977e-01 1.665852874078160331e-10
1.103000000000000924e-01 1.647659930465152582e-10
1.106000000000001010e-01 1.629714282007438916e-10
1.108000000000000929e-01 1.617885914916422792e-10
1.111000000000001015e-01 1.600343532329860059e-10
1.114000000000000962e-01 1.583037896474386034e-10
1.117000000000001048e-01 1.565965187579505072e-10
1.120000000000000995e-01 1.549121657529971559e-10
1.123000000000000942e-01 1.532503628334541858e-10
1.126000000000001028e-01 1.516107490631416622e-10
1.129000000000001114e-01 1.499929702229418600e-10
1.132000000000001061e-01 1.483966786683938406e-10
1.135000000000001008e-01 1.468215331906748664e-10
1.138000000000000955e-01 1.452671988808776148e-10
1.141000000000000902e-01 1.437333469974990234e-10
1.144000000000001127e-01 1.422196548370536804e-10
1.146000000000001046e-01 1.412215698962286602e-10
1.149000000000001132e-01 1.397407761556172648e-10
1.152000000000001079e-01 1.382793101630536763e-10
1.155000000000001026e-01 1.368368702958351542e-10
1.158000000000000973e-01 1.354131604044714310e-10
1.161000000000001059e-01 1.340078896995363825e-10
1.164000000000001145e-01 1.326207726411446261e-10
1.167000000000001092e-01 1.312515288309826342e-10
1.170000000000001039e-01 1.298998829068317546e-10
1.173000000000000986e-01 1.285655644395179982e-10
1.176000000000001072e-01 1.272483078322270461e-10
1.179000000000001019e-01 1.259478522221234718e-10
1.182000000000001105e-01 1.246639413842178524e-10
1.184000000000001024e-01 1.238170678945599134e-10
1.187000000000001110e-01 1.225601745879569274e-10
1.190000000000001057e-01 1.213191647531282857e-10
1.193000000000001143e-01 1.200937983828393281e-10
1.196000000000001090e-01 1.188838396871536499e-10
1.199000000000001037e-01 1.176890570090015099e-10
1.202000000000000984e-01 1.165092227416445507e-10
1.205000000000001070e-01 1.153441132479887624e-10
1.208000000000001156e-01 1.141935087817010506e-10
1.211000000000001103e-01 1.130571934100837812e-10
1.214000000000001050e-01 1.119349549386646535e-10
1.217000000000000998e-01 1.108265848374587832e-10
1.220000000000001222e-01 1.097318781688625926e-10
1.222000000000001002e-01 1.090095649116235398e-10
1.225000000000001227e-01 1.079371847481148322e-10
1.228000000000001174e-01 1.068779385483388251e-10
1.231000000000001121e-01 1.058316339551546981e-10
1.234000000000001068e-01 1.047980818877340202e-10
1.237000000000001015e-01 1.037770964779757896e-10
1.240000000000001101e-01 1.027684950083054892e-10
1.243000000000001187e-01 1.017720978508249015e-10
1.246000000000001134e-01 1.007877284077805535e-10
1.249000000000001082e-01 9.981521305331916408e-11
1.252000000000001168e-01 9.885438107649837599e-11
1.255000000000001115e-01 9.790506462552424944e-11
1.258000000000001062e-01 9.696709865318476764e-11
1.260000000000001119e-01 9.634801356860260128e-11
1.263000000000001066e-01 9.542860573773448672e-11
1.266000000000001013e-01 9.452012156840696686e-11
1.269000000000000961e-01 9.362240584861500233e-11
1.272000000000001185e-01 9.273530593130024523e-11
1.275000000000001132e-01 9.185867168604977888e-11
1.278000000000001080e-01 9.099235545181575356e-11
1.281000000000001027e-01 9.013621199063065044e-11
1.284000000000001251e-01 8.929009844229730028e-11
1.287000000000000921e-01 8.845387428002775589e-11
1.290000000000001146e-01 8.762740126701198016e-11
1.293000000000001370e-01 8.681054341389274934e-11
1.296000000000001040e-01 8.600316693712698356e-11
1.298000000000001375e-01 8.547011829924664238e-11
1.301000000000001044e-01 8.467825268189817469e-11
1.304000000000001269e-01 8.389552216135891281e-11
1.307000000000000939e-01 8.312180069960040905e-11
1.310000000000001164e-01 8.235696428121964871e-11
1.313000000000001388e-01 8.160089087645009221e-11
1.316000000000001058e-01 8.085346040493010441e-11
1.319000000000001283e-01 8.011455470021366225e-11
1.322000000000000952e-01 7.938405747500616373e-11
1.325000000000001177e-01 7.866185428710794158e-11
1.328000000000001402e-01 7.794783250605140669e-11
1.331000000000001071e-01 7.724188128041430825e-11
1.334000000000001296e-01 7.654389150579406633e-11
1.336000000000001076e-01 7.608293491656636781e-11
1.339000000000001300e-01 7.539797641857926591e-11
1.342000000000001247e-01 7.472069673089313418e-11
1.345000000000001195e-01 7.405099289115332289e-11
1.348000000000001142e-01 7.338876354289769481e-11
1.351000000000001089e-01 7.273390890701139773e-11
1.354000000000001314e-01 7.208633075375010398e-11
1.357000000000001261e-01 7.144593237532145463e-11
1.360000000000001208e-01 7.081261855900941859e-11
1.363000000000001155e-01 7.018629556083195050e-11
1.366000000000001102e-01 6.956687107971965612e-11
1.369000000000001327e-01 6.895425423220299281e-11
1.372000000000001274e-01 6.834835552759853138e-11
1.374000000000001331e-01 6.794811178674013724e-11
1.377000000000001279e-01 6.735321482479650942e-11
1.380000000000001226e-01 6.676480398962184782e-11
1.383000000000001173e-01 6.618279469287908528e-11
1.386000000000001398e-01 6.560710362949351437e-11
1.389000000000001345e-01 6.503764875546444291e-11
1.392000000000001292e-01 6.447434926610641477e-11
1.395000000000001239e-01 6.391712557471311996e-11
1.398000000000001186e-01 6.336589929163219370e-11
1.401000000000001411e-01 6.282059320374444230e-11
1.404000000000001358e-01 6.228113125433692321e-11
1.407000000000001305e-01 6.174743852336287430e-11
1.410000000000001252e-01 6.121944120807994889e-11
1.412000000000001310e-01 6.087057116966386097e-11
1.415000000000001257e-01 6.035190518239792445e-11
1.418000000000001204e-01 5.983874312259769396e-11
1.421000000000001429e-01 5.933101512454675084e-11
1.424000000000001098e-01 5.882865235424533435e-11
1.427000000000001323e-01 5.833158699204448598e-11
1.430000000000001270e-01 5.783975221560881723e-11
1.433000000000001217e-01 5.735308218319963528e-11
1.436000000000001442e-01 5.687151201727315346e-11
1.439000000000001112e-01 5.639497778838620611e-11
1.442000000000001336e-01 5.592341649940321869e-11
1.445000000000001283e-01 5.545676606999910183e-11
1.448000000000001231e-01 5.499496532145047591e-11
1.450000000000001288e-01 5.468976261299815387e-11
1.453000000000001235e-01 5.423591111477472519e-11
1.456000000000001460e-01 5.378675044934535022e-11
1.459000000000001129e-01 5.334222261825589910e-11
1.462000000000001354e-01 5.290227045733149884e-11
1.465000000000001579e-01 5.246683762299741519e-11
1.468000000000001248e-01 5.203586857885133928e-11
1.471000000000001473e-01 5.160930858248226458e-11
1.474000000000001143e-01 5.118710367253126246e-11
1.477000000000001367e-01 5.076920065598834675e-11
1.480000000000001315e-01 5.035554709572177601e-11
1.483000000000001262e-01 4.994609129823402920e-11
1.486000000000001486e-01 4.954078230164051906e-11
1.488000000000001266e-01 4.927285524201441797e-11
1.491000000000001491e-01 4.887434628139896978e-11
1.494000000000001160e-01 4.847985171100683867e-11
1.497000000000001385e-01 4.808932315216346899e-11
1.500000000000001332e-01 4.770271290452189880e-11
1.503000000000001279e-01 4.731997393522091003e-11
1.506000000000001504e-01 4.694105986823739807e-11
1.509000000000001174e-01 4.656592497392982660e-11
1.512000000000001398e-01 4.619452415876803707e-11
1.515000000000001346e-01 4.582681295524655659e-11
1.518000000000001293e-01 4.546274751197730718e-11
1.521000000000001517e-01 4.510228458395792272e-11
1.523000000000001297e-01 4.486395627753582322e-11
1.526000000000001522e-01 4.450940305835073028e-11
1.529000000000001469e-01 4.415833992680270746e-11
1.532000000000001416e-01 4.381072578079863126e-11
1.535000000000001363e-01 4.346652008144506307e-11
1.538000000000001311e-01 4.312568284425078909e-11
1.541000000000001258e-01 4.278817463048333875e-11
1.544000000000001482e-01 4.245395653867719373e-11
1.547000000000001430e-01 4.212299019628984266e-11
1.550000000000001377e-01 4.179523775150345191e-11
1.553000000000001324e-01 4.147066186516927668e-11
1.556000000000001271e-01 4.114922570289171708e-11
1.559000000000001496e-01 4.083089292724971839e-11
1.561000000000001275e-01 4.062037745783788605e-11
1.564000000000001500e-01 4.030713756907169395e-11
1.567000000000001447e-01 3.999690653908892256e-11
1.570000000000001394e-01 3.968964978830436297e-11
1.573000000000001342e-01 3.938533319954477923e-11
1.576000000000001289e-01 3.908392311099939088e-11
1.579000000000001513e-01 3.878538630929099450e-11
1.582000000000001461e-01 3.848969002266548201e-11
1.585000000000001408e-01 3.819680191429719010e-11
1.588000000000001632e-01 3.790669007570863322e-11
1.591000000000001302e-01 3.761932302030146006e-11
1.594000000000001527e-01 3.733466967699739915e-11
1.597000000000001474e-01 3.705269938398672511e-11
1.599000000000001531e-01 3.686619481317459447e-11
1.602000000000001478e-01 3.658862922546012500e-11
1.605000000000001426e-01 3.631366687766869116e-11
1.608000000000001650e-01 3.604127855684093438e-11
1.611000000000001320e-01 3.577143543147640443e-11
1.614000000000001545e-01 3.550410904585453157e-11
1.617000000000001214e-01 3.523927131445098292e-11
1.620000000000001439e-01 3.497689451644654675e-11
1.623000000000001664e-01 3.471695129032795658e-11
1.626000000000001333e-01 3.445941462857814778e-11
1.629000000000001558e-01 3.420425787245457006e-11
1.632000000000001227e-01 3.395145470685417303e-11
1.635000000000001452e-01 3.370097915526305495e-11
1.637000000000001232e-01 3.353527589635860041e-11
1.640000000000001457e-01 3.328862287978353663e-11
1.643000000000001681e-01 3.304422982432364853e-11
1.646000000000001351e-01 3.280207195308058348e-11
1.649000000000001576e-01 3.256212480525434227e-11
1.652000000000001523e-01 3.232436423154549253e-11
1.655000000000001470e-01 3.208876638963234553e-11
1.658000000000001695e-01 3.185530773972181662e-11
1.661000000000001364e-01 3.162396504017285781e-11
1.664000000000001589e-01 3.139471534319070482e-11
1.667000000000001536e-01 3.116753599059113719e-11
1.670000000000001483e-01 3.094240460963316824e-11
1.673000000000001708e-01 3.071929910891894981e-11
1.675000000000001488e-01 3.057167681378609846e-11
1.678000000000001435e-01 3.035189943953707001e-11
1.681000000000001382e-01 3.013409038012136305e-11
1.684000000000001607e-01 2.991822854171095739e-11
1.687000000000001554e-01 2.970429309354313620e-11
1.690000000000001501e-01 2.949226346417960696e-11
1.693000000000001448e-01 2.928211933782564467e-11
1.696000000000001395e-01 2.907384065070793252e-11
1.699000000000001620e-01 2.886740758750961385e-11
1.702000000000001567e-01 2.866280057786244209e-11
1.705000000000001514e-01 2.846000029289422902e-11
1.708000000000001461e-01 2.825898764183094520e-11
1.711000000000001686e-01 2.805974376865259030e-11
1.713000000000001466e-01 2.792788796750812230e-11
1.716000000000001691e-01 2.773155078240028911e-11
1.719000000000001638e-01 2.753693321527605783e-11
1.722000000000001585e-01 2.734401724311090389e-11
1.725000000000001532e-01 2.715278506271065584e-11
1.728000000000001479e-01 2.696321908765394826e-11
1.731000000000001704e-01 2.677530194528288375e-11
1.734000000000001651e-01 2.658901647374020768e-11
1.737000000000001598e-01 2.640434571905271784e-11
1.740000000000001545e-01 2.622127293226012049e-11
1.743000000000001493e-01 2.603978156658807283e-11
1.746000000000001717e-01 2.585985527466533409e-11
1.749000000000001387e-01 2.568147790578370070e-11
1.751000000000001722e-01 2.556341228488849158e-11
1.754000000000001391e-01 2.538758108956167394e-11
1.757000000000001616e-01 2.521325668979959850e-11
1.760000000000001563e-01 2.504042363322487627e-11
1.763000000000001510e-01 2.486906665188371286e-11
1.766000000000001735e-01 2.469917065973615858e-11
1.769000000000001405e-01 2.453072075018456057e-11
1.772000000000001629e-01 2.436370219363972924e-11
1.775000000000001854e-01 2.419810043512427943e-11
1.778000000000001524e-01 2.403390109191221878e-11
1.781000000000001748e-01 2.387108995120452178e-11
1.784000000000001418e-01 2.370965296783982663e-11
1.787000000000001643e-01 2.354957626203971536e-11
1.789000000000001422e-01 2.344360738764531460e-11
1.792000000000001647e-01 2.328576740933362872e-11
1.795000000000001872e-01 2.312925148760149913e-11
1.798000000000001541e-01 2.297404633032908336e-11
1.801000000000001766e-01 2.282013880069876512e-11
1.804000000000001436e-01 2.266751591512613324e-11
1.807000000000001660e-01 2.251616484122171501e-11
1.810000000000001608e-01 2.236607289578335706e-11
1.813000000000001555e-01 2.221722754281831375e-11
1.816000000000001779e-01 2.206961639159489437e-11
1.819000000000001449e-01 2.192322719472310031e-11
1.822000000000001674e-01 2.177804784626361271e-11
1.825000000000001621e-01 2.163406637986490086e-11
1.827000000000001678e-01 2.153873837873526354e-11
1.830000000000001625e-01 2.139672716386841101e-11
1.833000000000001573e-01 2.125588258934826357e-11
1.836000000000001797e-01 2.111619318514688657e-11
1.839000000000001744e-01 2.097764761248740995e-11
1.842000000000001692e-01 2.084023466213130546e-11
1.845000000000001639e-01 2.070394325269076379e-11
1.848000000000001586e-01 2.056876242896579979e-11
1.851000000000001811e-01 2.043468136030561091e-11
1.854000000000001758e-01 2.030168933899381722e-11
1.857000000000001705e-01 2.016977577865723094e-11
1.860000000000001652e-01 2.003893021269770287e-11
1.863000000000001599e-01 1.990914229274679393e-11
1.865000000000001656e-01 1.982319953646564449e-11
1.868000000000001604e-01 1.969515167978918258e-11
1.871000000000001551e-01 1.956813443997141481e-11
1.874000000000001775e-01 1.944213788928912844e-11
1.877000000000001723e-01 1.931715221132739676e-11
1.880000000000001670e-01 1.919316769955624040e-11
1.883000000000001617e-01 1.907017475592801978e-11
1.886000000000001564e-01 1.894816388949467671e-11
1.889000000000001789e-01 1.882712571504500283e-11
1.892000000000001736e-01 1.870705095176117868e-11
1.895000000000001683e-01 1.858793042189452546e-11
1.898000000000001908e-01 1.846975504946023014e-11
1.901000000000001577e-01 1.835251585895049799e-11
1.903000000000001912e-01 1.827487211227735722e-11
1.906000000000001582e-01 1.815917354829079412e-11
1.909000000000001807e-01 1.804438771317197834e-11
1.912000000000001754e-01 1.793050598911169337e-11
1.915000000000001701e-01 1.781751985300959095e-11
1.918000000000001926e-01 1.770542087528725139e-11
1.921000000000001595e-01 1.759420071871783296e-11
1.924000000000001820e-01 1.748385113727223888e-11
1.927000000000001767e-01 1.737436397498143707e-11
1.930000000000001714e-01 1.726573116481474503e-11
1.933000000000001939e-01 1.715794472757374400e-11
1.936000000000001608e-01 1.705099677080171559e-11
1.939000000000001833e-01 1.694487948770820041e-11
1.941000000000001613e-01 1.687459230081490579e-11
1.944000000000001838e-01 1.676984235474886500e-11
1.947000000000001507e-01 1.666590267504844806e-11
1.950000000000001732e-01 1.656276576007165187e-11
1.953000000000001957e-01 1.646042418901845990e-11
1.956000000000001626e-01 1.635887062093725285e-11
1.959000000000001851e-01 1.625809779374495503e-11
1.962000000000001521e-01 1.615809852326066772e-11
1.965000000000001745e-01 1.605886570225263107e-11
1.968000000000001970e-01 1.596039229949824642e-11
1.971000000000001640e-01 1.586267135885698781e-11
1.974000000000001864e-01 1.576569599835600870e-11
1.977000000000001811e-01 1.566945940928829863e-11
1.979000000000001869e-01 1.560570878228222049e-11
1.982000000000001816e-01 1.551068854465650532e-11
1.985000000000001763e-01 1.541638927337370222e-11
1.988000000000001988e-01 1.532280442084902132e-11
1.991000000000001657e-01 1.522992750871457927e-11
1.994000000000001882e-01 1.513775212698482898e-11
1.997000000000001829e-01 1.504627193323336299e-11
2.000000000000001776e-01 1.495548065178085481e-11
2.003000000000001724e-01 1.486537207289384073e-11
2.006000000000001671e-01 1.477594005199448127e-11
2.009000000000001895e-01 1.468717850888076572e-11
2.012000000000001843e-01 1.459908142695737958e-11
2.015000000000001790e-01 1.451164285247674857e-11
2.017000000000001847e-01 1.445371339496860340e-11
2.020000000000001794e-01 1.436735927067163797e-11
2.023000000000001741e-01 1.428164807875043724e-11
2.026000000000001966e-01 1.419657408956900358e-11
2.029000000000001913e-01 1.411213163292955742e-11
2.032000000000001860e-01 1.402831509736926086e-11
2.035000000000001807e-01 1.394511892946637953e-11
2.038000000000001755e-01 1.386253763315546271e-11
2.041000000000001979e-01 1.378056576905184206e-11
2.044000000000001926e-01 1.369919795378486269e-11
2.047000000000001874e-01 1.361842885933997731e-11
2.050000000000001821e-01 1.353825321240958390e-11
2.053000000000001768e-01 1.345866579375233719e-11
2.055000000000001825e-01 1.340593175493656968e-11
2.058000000000001772e-01 1.332731326326719745e-11
2.061000000000001997e-01 1.324926934143606439e-11
2.064000000000001667e-01 1.317179496309837147e-11
2.067000000000001891e-01 1.309488515309519290e-11
2.070000000000001839e-01 1.301853498685904036e-11
2.073000000000001786e-01 1.294273958982702830e-11
2.076000000000002010e-01 1.286749413686179431e-11
2.079000000000001680e-01 1.279279385167990432e-11
2.082000000000001905e-01 1.271863400628765569e-11
2.085000000000001852e-01 1.264500992042424568e-11
2.088000000000001799e-01 1.257191696101210996e-11
2.091000000000002024e-01 1.249935054161441813e-11
2.093000000000001803e-01 1.245126320689246007e-11
2.096000000000002028e-01 1.237956428708810875e-11
2.099000000000001698e-01 1.230837990077040651e-11
2.102000000000001922e-01 1.223770562798890311e-11
2.105000000000002147e-01 1.216753709299302413e-11
2.108000000000001817e-01 1.209786996372799971e-11
2.111000000000002041e-01 1.202869995133708273e-11
2.114000000000001711e-01 1.196002280967030214e-11
2.117000000000001936e-01 1.189183433479936022e-11
2.120000000000002160e-01 1.182413036453884373e-11
2.123000000000001830e-01 1.175690677797340450e-11
2.126000000000002055e-01 1.169015949499101795e-11
2.129000000000001724e-01 1.162388447582220148e-11
2.131000000000002059e-01 1.157996152161674722e-11
2.134000000000001729e-01 1.151446473967132821e-11
2.137000000000001954e-01 1.144942964260903805e-11
2.140000000000001901e-01 1.138485233473394563e-11
2.143000000000001848e-01 1.132072895861806701e-11
2.146000000000002073e-01 1.125705569467262570e-11
2.149000000000001742e-01 1.119382876072470104e-11
2.152000000000001967e-01 1.113104441159910612e-11
2.155000000000001914e-01 1.106869893870566025e-11
2.158000000000001861e-01 1.100678866963148093e-11
2.161000000000002086e-01 1.094530996773848142e-11
2.164000000000002033e-01 1.088425923176584089e-11
2.167000000000001980e-01 1.082363289543748626e-11
2.169000000000002037e-01 1.078344937001421783e-11
2.172000000000001985e-01 1.072352253516228357e-11
2.175000000000001932e-01 1.066401075798865867e-11
2.178000000000001879e-01 1.060491059721446307e-11
2.181000000000002104e-01 1.054621864477722351e-11
2.184000000000002051e-01 1.048793152546517903e-11
2.187000000000001998e-01 1.043004589655612442e-11
2.190000000000001945e-01 1.037255844746062731e-11
2.193000000000001892e-01 1.031546589936974767e-11
2.196000000000002117e-01 1.025876500490702104e-11
2.199000000000002064e-01 1.020245254778474880e-11
2.202000000000002011e-01 1.014652534246453257e-11
2.205000000000001958e-01 1.009098023382188165e-11
2.207000000000002016e-01 1.005416089286688852e-11
2.210000000000001963e-01 9.999245682190457464e-12
2.213000000000001910e-01 9.944704300710693430e-12
2.216000000000001857e-01 9.890533702017778240e-12
2.219000000000002082e-01 9.836730868604406647e-12
2.222000000000002029e-01 9.783292811552981209e-12
2.225000000000001976e-01 9.730216570226618319e-12
2.228000000000002201e-01 9.677499211963942798e-12
2.231000000000001871e-01 9.625137831777540172e-12
2.234000000000002095e-01 9.573129552056073094e-12
2.237000000000002042e-01 9.521471522270021545e-12
2.240000000000001990e-01 9.470160918680915913e-12
2.243000000000002214e-01 9.419194944054166389e-12
2.245000000000001994e-01 9.385407718698208908e-12
2.248000000000002219e-01 9.335009980686509071e-12
2.251000000000001888e-01 9.284949539772037818e-12
2.254000000000002113e-01 9.235223693498991290e-12
2.257000000000002060e-01 9.185829764620067658e-12
2.260000000000002007e-01 9.136765100828139111e-12
2.263000000000002232e-01 9.088027074491335953e-12
2.266000000000001902e-01 9.039613082391111460e-12
2.269000000000002126e-01 8.991520545463531449e-12
2.272000000000001796e-01 8.943746908543612465e-12
2.275000000000002021e-01 8.896289640112700496e-12
2.278000000000002245e-01 8.849146232048849836e-12
2.280000000000002025e-01 8.817890432118286146e-12
2.283000000000002250e-01 8.771264613828119419e-12
2.286000000000001919e-01 8.724946080097117280e-12
2.289000000000002144e-01 8.678932406502996939e-12
2.292000000000002091e-01 8.633221190893812720e-12
2.295000000000002038e-01 8.587810053154568342e-12
2.298000000000002263e-01 8.542696634976591856e-12
2.301000000000001933e-01 8.497878599629663541e-12
2.304000000000002157e-01 8.453353631736775594e-12
2.307000000000002105e-01 8.409119437051536535e-12
2.310000000000002052e-01 8.365173742238225173e-12
2.313000000000002276e-01 8.321514294654327731e-12
2.316000000000001946e-01 8.278138862135718074e-12
2.318000000000002281e-01 8.249378600147665203e-12
2.321000000000001950e-01 8.206471620654819836e-12
2.324000000000002175e-01 8.163842802298808510e-12
2.327000000000002122e-01 8.121489986204654097e-12
2.330000000000002069e-01 8.079411033005624805e-12
2.333000000000002017e-01 8.037603822642132356e-12
2.336000000000001964e-01 7.996066254162990534e-12
2.339000000000002188e-01 7.954796245528929096e-12
2.342000000000002136e-01 7.913791733418405041e-12
2.345000000000002083e-01 7.873050673035659552e-12
2.348000000000002030e-01 7.832571037920922052e-12
2.351000000000002255e-01 7.792350819762900310e-12
2.354000000000002202e-01 7.752388028213343355e-12
2.356000000000002259e-01 7.725888207128681375e-12
2.359000000000002206e-01 7.686350085139069728e-12
2.362000000000002153e-01 7.647064168594675146e-12
2.365000000000002101e-01 7.608028531459557005e-12
2.368000000000002048e-01 7.569241264823234179e-12
2.371000000000002272e-01 7.530700476727027187e-12
2.374000000000002220e-01 7.492404291992308364e-12
2.377000000000002167e-01 7.454350852050716573e-12
2.380000000000002114e-01 7.416538314776341326e-12
2.383000000000002061e-01 7.378964854319763206e-12
2.386000000000002286e-01 7.341628660943994231e-12
2.389000000000002233e-01 7.304527940862274516e-12
2.392000000000002180e-01 7.267660916077713946e-12
2.394000000000001960e-01 7.243211859332799404e-12
2.397000000000002184e-01 7.206730417990330703e-12
2.400000000000002132e-01 7.170478006614685491e-12
2.403000000000002079e-01 7.134452903762112560e-12
2.406000000000002303e-01 7.098653403053906992e-12
2.409000000000001973e-01 7.063077813026031313e-12
2.412000000000002198e-01 7.027724456980374041e-12
2.415000000000002423e-01 6.992591672837717519e-12
2.418000000000002092e-01 6.957677812992327000e-12
2.421000000000002317e-01 6.922981244168165005e-12
2.424000000000001986e-01 6.888500347276717235e-12
2.427000000000002211e-01 6.854233517276399325e-12
2.430000000000002436e-01 6.820179163033537197e-12
2.432000000000002216e-01 6.797593522785048955e-12
2.435000000000002440e-01 6.763889796291545806e-12
2.438000000000002110e-01 6.730394369485838405e-12
2.441000000000002335e-01 6.697105701065189583e-12
2.444000000000002004e-01 6.664022263006123267e-12
2.447000000000002229e-01 6.631142540433855148e-12
2.450000000000002454e-01 6.598465031493256545e-12
2.453000000000002123e-01 6.565988247221176977e-12
2.456000000000002348e-01 6.533710711420199764e-12
2.459000000000002017e-01 6.501630960533794294e-12
2.462000000000002242e-01 6.469747543522800354e-12
2.465000000000002189e-01 6.438059021743320434e-12
2.468000000000002137e-01 6.406563968825925513e-12
2.470000000000002194e-01 6.385674050708003301e-12
2.473000000000002141e-01 6.354498309144212538e-12
2.476000000000002366e-01 6.323512291894659628e-12
2.479000000000002313e-01 6.292714616583987371e-12
2.482000000000002260e-01 6.262103912564791084e-12
2.485000000000002207e-01 6.231678820804134913e-12
2.488000000000002154e-01 6.201437993771265298e-12
2.491000000000002379e-01 6.171380095326543398e-12
2.494000000000002326e-01 6.141503800611608586e-12
2.497000000000002273e-01 6.111807795940698717e-12
2.500000000000002220e-01 6.082290778693160263e-12
2.503000000000001890e-01 6.052951457207145918e-12
2.506000000000002115e-01 6.023788550674390593e-12
2.508000000000001894e-01 6.004443993664525235e-12
2.511000000000002119e-01 5.975572294963030544e-12
2.514000000000002344e-01 5.946873648000483296e-12
2.517000000000002014e-01 5.918346810883503995e-12
2.520000000000002238e-01 5.889990552096233537e-12
2.523000000000001908e-01 5.861803650401448776e-12
2.526000000000002133e-01 5.833784894742639359e-12
2.529000000000002357e-01 5.805933084147222756e-12
2.532000000000002027e-01 5.778247027630742360e-12
2.535000000000002252e-01 5.750725544102076145e-12
2.538000000000002476e-01 5.723367462269714842e-12
2.541000000000002146e-01 5.696171620548976344e-12
2.544000000000002371e-01 5.669136866970221780e-12
2.546000000000002150e-01 5.651202626770155094e-12
2.549000000000002375e-01 5.624433819323201914e-12
2.552000000000002045e-01 5.597823074418700268e-12
2.555000000000002269e-01 5.571369274572669432e-12
2.558000000000002494e-01 5.545071311500609784e-12
2.561000000000002719e-01 5.518928086031105248e-12
2.564000000000001833e-01 5.492938508020318340e-12
2.567000000000002058e-01 5.467101496267400454e-12
2.570000000000002283e-01 5.441415978430808483e-12
2.573000000000002507e-01 5.415880890945476094e-12
2.576000000000002732e-01 5.390495178940860644e-12
2.579000000000001847e-01 5.365257796159859286e-12
2.582000000000002071e-01 5.340167704878562759e-12
2.584000000000001851e-01 5.323522297341596642e-12
2.587000000000002076e-01 5.298675408765346958e-12
2.590000000000002300e-01 5.273973085541685199e-12
2.593000000000002525e-01 5.249414320562050016e-12
2.596000000000002750e-01 5.224998114887565731e-12
2.599000000000001864e-01 5.200723477673429629e-12
2.602000000000002089e-01 5.176589426094086037e-12
2.605000000000002314e-01 5.152594985269186391e-12
2.608000000000002538e-01 5.128739188190312666e-12
2.611000000000002763e-01 5.105021075648447204e-12
2.614000000000001878e-01 5.081439696162209955e-12
2.617000000000002102e-01 5.057994105906812221e-12
2.620000000000002327e-01 5.034683368643799618e-12
2.622000000000002107e-01 5.019217336528970913e-12
2.625000000000002331e-01 4.996129294108001824e-12
2.628000000000002556e-01 4.973173644605350177e-12
2.631000000000002781e-01 4.950349479009254264e-12
2.634000000000001895e-01 4.927655895575674329e-12
2.637000000000002120e-01 4.905091999761985642e-12
2.640000000000002345e-01 4.882656904161401011e-12
2.643000000000002570e-01 4.860349728437990249e-12
2.646000000000002794e-01 4.838169599262411311e-12
2.649000000000002464e-01 4.816115650248291704e-12
2.652000000000002133e-01 4.794187021889251285e-12
2.655000000000002358e-01 4.772382861496557562e-12
2.658000000000002583e-01 4.750702323137450654e-12
2.660000000000002363e-01 4.736316895093456608e-12
2.663000000000002587e-01 4.714840531762662790e-12
2.666000000000002812e-01 4.693485567211396091e-12
2.669000000000002482e-01 4.672251179760929983e-12
2.672000000000002151e-01 4.651136554208753055e-12
2.675000000000002376e-01 4.630140881770319832e-12
2.678000000000002601e-01 4.609263360021417932e-12
2.681000000000002825e-01 4.588503192841088564e-12
2.684000000000002495e-01 4.567859590355138335e-12
2.687000000000002164e-01 4.547331768880219739e-12
2.690000000000002389e-01 4.526918950868457713e-12
2.693000000000002614e-01 4.506620364852664275e-12
2.696000000000002284e-01 4.486435245392066906e-12
2.698000000000002618e-01 4.473041160769979170e-12
2.701000000000002288e-01 4.453043467453315185e-12
2.704000000000002513e-01 4.433157228572198537e-12
2.707000000000002182e-01 4.413381700327283717e-12
2.710000000000002407e-01 4.393716144699539909e-12
2.713000000000002632e-01 4.374159829399019111e-12
2.716000000000002301e-01 4.354712027814100037e-12
2.719000000000002526e-01 4.335372018961255474e-12
2.722000000000002196e-01 4.316139087435309975e-12
2.725000000000002420e-01 4.297012523360201604e-12
2.728000000000002645e-01 4.277991622340222712e-12
2.731000000000002315e-01 4.259075685411754268e-12
2.734000000000002539e-01 4.240264018995453372e-12
2.736000000000002319e-01 4.227780496022585501e-12
2.739000000000002544e-01 4.209141086980053773e-12
2.742000000000002213e-01 4.190604124869570717e-12
2.745000000000002438e-01 4.172168935452841656e-12
2.748000000000002663e-01 4.153834849658984549e-12
2.751000000000002332e-01 4.135601203539334745e-12
2.754000000000002557e-01 4.117467338222706955e-12
2.757000000000002227e-01 4.099432599871093432e-12
2.760000000000002451e-01 4.081496339635776537e-12
2.763000000000002676e-01 4.063657913613917925e-12
2.766000000000002346e-01 4.045916682805526565e-12
2.769000000000002570e-01 4.028272013070862979e-12
2.772000000000002795e-01 4.010723275088274844e-12
2.774000000000002575e-01 3.999077103238275078e-12
2.777000000000002800e-01 3.981686865970528729e-12
2.780000000000002469e-01 3.964390905502462736e-12
2.783000000000002694e-01 3.947188609824440156e-12
2.786000000000002363e-01 3.930079371553424542e-12
2.789000000000002588e-01 3.913062587893097561e-12
2.792000000000002813e-01 3.896137660594313456e-12
2.795000000000002482e-01 3.879303995915970337e-12
2.798000000000002707e-01 3.862561004586249010e-12
2.801000000000002377e-01 3.845908101764241175e-12
2.804000000000002601e-01 3.829344707001916072e-12
2.807000000000002826e-01 3.812870244206484577e-12
2.810000000000002496e-01 3.796484141603113066e-12
2.812000000000002831e-01 3.785608881777520322e-12
2.815000000000002500e-01 3.769368787161065803e-12
2.818000000000002170e-01 3.753215548834044389e-12
2.821000000000002395e-01 3.737148610540867644e-12
2.824000000000002619e-01 3.721167420174571330e-12
2.827000000000002844e-01 3.705271429741524517e-12
2.830000000000002514e-01 3.689460095326458589e-12
2.833000000000002183e-01 3.673732877057823397e-12
2.836000000000002408e-01 3.658089239073511772e-12
2.839000000000002633e-01 3.642528649486859495e-12
2.842000000000002857e-01 3.627050580353003518e-12
2.845000000000002527e-01 3.611654507635558465e-12
2.848000000000002196e-01 3.596339911173577065e-12
2.850000000000002531e-01 3.586175189656191691e-12
2.853000000000002201e-01 3.570995241462558346e-12
2.856000000000002426e-01 3.555895401127504927e-12
2.859000000000002650e-01 3.540875162422651937e-12
2.862000000000002875e-01 3.525934022845097572e-12
2.865000000000002545e-01 3.511071483586130665e-12
2.868000000000002214e-01 3.496287049500229987e-12
2.871000000000002439e-01 3.481580229074390312e-12
2.874000000000002664e-01 3.466950534397704139e-12
2.877000000000002888e-01 3.452397481131239877e-12
2.880000000000002558e-01 3.437920588478210840e-12
2.883000000000002228e-01 3.423519379154400707e-12
2.886000000000002452e-01 3.409193379358906055e-12
2.888000000000002232e-01 3.399684263488645164e-12
2.891000000000002457e-01 3.385482569385115068e-12
2.894000000000002681e-01 3.371354838150544971e-12
2.897000000000002906e-01 3.357300608510013730e-12
2.900000000000003131e-01 3.343319422538838397e-12
2.903000000000002245e-01 3.329410825634807926e-12
2.906000000000002470e-01 3.315574366490671747e-12
2.909000000000002695e-01 3.301809597066898544e-12
2.912000000000002919e-01 3.288116072564678580e-12
2.915000000000003144e-01 3.274493351399169170e-12
2.918000000000002259e-01 3.260940995173005922e-12
2.921000000000002483e-01 3.247458568650039342e-12
2.924000000000002708e-01 3.234045639729337219e-12
2.926000000000002488e-01 3.225142084919731775e-12
2.929000000000002712e-01 3.211844033545664377e-12
2.932000000000002937e-01 3.198614342637172397e-12
2.935000000000003162e-01 3.185452591370421911e-12
2.938000000000002276e-01 3.172358361938548624e-12
2.941000000000002501e-01 3.159331239526972503e-12
2.944000000000002726e-01 3.146370812288956778e-12
2.947000000000002951e-01 3.133476671321369278e-12
2.950000000000003175e-01 3.120648410640677645e-12
2.953000000000002290e-01 3.107885627159168285e-12
2.956000000000002514e-01 3.095187920661367283e-12
2.959000000000002739e-01 3.082554893780697998e-12
2.962000000000002964e-01 3.069986151976334136e-12
2.964000000000002744e-01 3.061642511139187024e-12
2.967000000000002968e-01 3.049180041973593651e-12
2.970000000000002638e-01 3.036780819416516711e-12
2.973000000000002307e-01 3.024444459093636852e-12
2.976000000000002532e-01 3.012170579351151782e-12
2.979000000000002757e-01 2.999958801233821255e-12
2.982000000000002982e-01 2.987808748463175217e-12
2.985000000000002651e-01 2.975720047415955010e-12
2.988000000000002321e-01 2.963692327102723809e-12
2.991000000000002546e-01 2.951725219146682229e-12
2.994000000000002770e-01 2.939818357762677413e-12
2.997000000000002995e-01 2.927971379736396282e-12
3.000000000000002665e-01 2.916183924403747822e-12
