1.000000000000000021e-03 3.000000000000002665e-01
1.000000000000000021e-03 7.401324930702553040e-01
1.200000000000000112e-03 7.555617618492255216e-02
1.500000000000000465e-03 6.121895449594232791e-02
1.800000000000000818e-03 5.765197436148177673e-02
2.100000000000001171e-03 1.412243569128775883e-02
2.400000000000001091e-03 2.258668921603244548e-02
2.700000000000001444e-03 6.307736619092602255e-03
3.000000000000001797e-03 5.637532483748279935e-03
3.300000000000002150e-03 3.613972585128582757e-03
3.600000000000002504e-03 2.628294239255505801e-03
3.900000000000002857e-03 3.080470610548060109e-03
4.200000000000003210e-03 1.404857733849136864e-03
4.500000000000003997e-03 1.195894163390584129e-03
4.700000000000002787e-03 9.222906427403599391e-04
5.000000000000003574e-03 6.669091535377486306e-04
5.300000000000004360e-03 5.123809354603421065e-04
5.600000000000004280e-03 3.921458856422323420e-04
5.900000000000004199e-03 3.007279900498388060e-04
6.200000000000004986e-03 2.310185640861801262e-04
6.500000000000005773e-03 1.075872770911812971e-03
6.800000000000005693e-03 1.365957581181175885e-04
7.100000000000004745e-03 1.056047624173636585e-04
7.400000000000005532e-03 8.198120550075105946e-05
7.700000000000006319e-03 1.585173349291610389e-04
8.000000000000007105e-03 4.973477727598372468e-05
8.300000000000007025e-03 5.986987271497844833e-05
8.500000000000007550e-03 3.473805270814288884e-05
8.800000000000007469e-03 2.667620756455636638e-05
9.100000000000007389e-03 2.133952059347610033e-05
9.400000000000007308e-03 1.652068541217890192e-05
9.700000000000008962e-03 1.305063493020516187e-05
1.000000000000000715e-02 1.032401648553752726e-05
1.030000000000000880e-02 8.193336055750453405e-06
1.060000000000000872e-02 6.519370424540347801e-06
1.090000000000000864e-02 5.202032455837320881e-06
1.120000000000001029e-02 4.163814834397233120e-06
1.150000000000000848e-02 3.344411415380730423e-06
1.180000000000001013e-02 2.696596359481525704e-06
1.210000000000001005e-02 2.183164259908094031e-06
1.230000000000001058e-02 1.901039733445587524e-06
1.260000000000001050e-02 1.550957439180857774e-06
1.290000000000001042e-02 1.271892195957401986e-06
1.320000000000001034e-02 1.048854235728670398e-06
1.350000000000001026e-02 8.700868454214690573e-07
1.380000000000001191e-02 7.263132360494026500e-07
1.410000000000001183e-02 6.102673170333863658e-07
1.440000000000001348e-02 5.165255390176440646e-07
1.470000000000001167e-02 4.403694894129900953e-07
1.500000000000001332e-02 3.782042662634593297e-07
1.530000000000001324e-02 3.272781621829366763e-07
1.560000000000001316e-02 2.853395634320803894e-07
1.590000000000001482e-02 2.505810456113722249e-07
1.610000000000001708e-02 2.307513275414059578e-07
1.640000000000001179e-02 2.050539949308165850e-07
1.670000000000001344e-02 1.834785280015841168e-07
1.700000000000001510e-02 1.651940262798971721e-07
1.730000000000001675e-02 1.496375500958707509e-07
1.760000000000001494e-02 1.362832852259312206e-07
1.790000000000001659e-02 1.247686649975537419e-07
1.820000000000001825e-02 1.147492440404824598e-07
1.850000000000001296e-02 1.059954294448540392e-07
1.880000000000001462e-02 9.827921704033962231e-08
1.910000000000001627e-02 9.144536030016082043e-08
1.940000000000001792e-02 8.535172219299671474e-08
1.970000000000001611e-02 7.988711217716428817e-08
1.990000000000001837e-02 7.655037981269562680e-08
2.020000000000001655e-02 7.194188339544565189e-08
2.050000000000001821e-02 6.775326287905171455e-08
2.080000000000001986e-02 6.393149487544835873e-08
2.110000000000001805e-02 6.042776289221471741e-08
2.140000000000001970e-02 5.720475312227500189e-08
2.170000000000001789e-02 5.423055792406838235e-08
2.200000000000001954e-02 5.147641796087278016e-08
2.230000000000001772e-02 4.891931750979186280e-08
2.260000000000001938e-02 4.653983114460694796e-08
2.290000000000002103e-02 4.431974760464154344e-08
2.320000000000002269e-02 4.224420247374765407e-08
2.350000000000002087e-02 4.030050014191214230e-08
2.370000000000001966e-02 3.907210209027657316e-08
2.400000000000002132e-02 3.732288557179079128e-08
2.430000000000002297e-02 3.567759464751947815e-08
2.460000000000002462e-02 3.412810915218430986e-08
2.490000000000001934e-02 3.266700045349065745e-08
2.520000000000002099e-02 3.128759819810001538e-08
2.550000000000002265e-02 2.998397863162217066e-08
2.580000000000002083e-02 2.875081167051148930e-08
2.610000000000002249e-02 2.758323150829870826e-08
2.640000000000002414e-02 2.647676342629245537e-08
2.670000000000002580e-02 2.542737169794640602e-08
2.700000000000002051e-02 2.443136062488905532e-08
2.730000000000002217e-02 2.348535604639188783e-08
2.750000000000002442e-02 2.288090499983121979e-08
2.780000000000002608e-02 2.201139077898200225e-08
2.810000000000002426e-02 2.118406341520683875e-08
2.840000000000002245e-02 2.039639996460185910e-08
2.870000000000002410e-02 1.964606486630490217e-08
2.900000000000002576e-02 1.893089079400310683e-08
2.930000000000002741e-02 1.824885408162583206e-08
2.960000000000002560e-02 1.759807901113427310e-08
2.990000000000002725e-02 1.697681769414125529e-08
3.020000000000002544e-02 1.638343950644292104e-08
3.050000000000002709e-02 1.581642267214853254e-08
3.080000000000002527e-02 1.527434307266142615e-08
3.110000000000002693e-02 1.475586733465171980e-08
3.130000000000002919e-02 1.442271080723566312e-08
3.160000000000002390e-02 1.394084160005987434e-08
3.190000000000002556e-02 1.347942050175591700e-08
3.220000000000003415e-02 1.303739582304761262e-08
3.250000000000002887e-02 1.261378003910093079e-08
3.280000000000002358e-02 1.220764434616905773e-08
3.310000000000003217e-02 1.181811516708955128e-08
3.340000000000002689e-02 1.144437051585278451e-08
3.370000000000002854e-02 1.108563624014503618e-08
3.400000000000003020e-02 1.074118279896110456e-08
3.430000000000003185e-02 1.041032228659917156e-08
3.460000000000003351e-02 1.009240571027738387e-08
3.490000000000002822e-02 9.786820469329143025e-09
3.510000000000003395e-02 9.589660574891540831e-09
3.540000000000003560e-02 9.303357322937958666e-09
3.570000000000003032e-02 9.027912019211173689e-09
3.600000000000003197e-02 8.762826524615013756e-09
3.630000000000003363e-02 8.507629481560418814e-09
3.660000000000002834e-02 8.261874661534843765e-09
3.690000000000003694e-02 8.025139427536593274e-09
3.720000000000003165e-02 7.797023309062183243e-09
3.750000000000003331e-02 7.577146662860001834e-09
3.780000000000003496e-02 7.365149417249874529e-09
3.810000000000002968e-02 7.160689944586104542e-09
3.840000000000003827e-02 6.963443965994806156e-09
3.870000000000003298e-02 6.773103542140794463e-09
3.890000000000003177e-02 6.649901273543838233e-09
3.920000000000003343e-02 6.470427216013625945e-09
3.950000000000003508e-02 6.297110447177711574e-09
3.980000000000003674e-02 6.129695326226373217e-09
4.010000000000003839e-02 5.967938644407548050e-09
4.040000000000003311e-02 5.811608934227083123e-09
4.070000000000004170e-02 5.660485815897868813e-09
4.100000000000003642e-02 5.514359394891434473e-09
4.130000000000003113e-02 5.373029688836993229e-09
4.160000000000003972e-02 5.236306091739698801e-09
4.190000000000003444e-02 5.104006870807771597e-09
4.220000000000003609e-02 4.975958693660009932e-09
4.250000000000003775e-02 4.851996183879634380e-09
4.270000000000003654e-02 4.771546082807925843e-09
4.300000000000003819e-02 4.654045810260979019e-09
4.330000000000003985e-02 4.540225995935696567e-09
4.360000000000003456e-02 4.429947041964934910e-09
4.390000000000004315e-02 4.323075555324801645e-09
4.420000000000003787e-02 4.219484031782848383e-09
4.450000000000003952e-02 4.119050558700515564e-09
4.480000000000004118e-02 4.021658534142251895e-09
4.510000000000003589e-02 3.927196402019894751e-09
4.540000000000004449e-02 3.835557402097081458e-09
4.570000000000003920e-02 3.746639333928460137e-09
4.600000000000004086e-02 3.660344333872667156e-09
4.630000000000004251e-02 3.576578664372742135e-09
4.650000000000004130e-02 3.522095561553709204e-09
4.680000000000004295e-02 3.442347717327788053e-09
4.710000000000004461e-02 3.364897927921916244e-09
4.740000000000003932e-02 3.289665960737358382e-09
4.770000000000004098e-02 3.216574867413630566e-09
4.800000000000004263e-02 3.145550829868119220e-09
4.830000000000003735e-02 3.076523014432332344e-09
4.860000000000004594e-02 3.009423433676718471e-09
4.890000000000004066e-02 2.944186815407926107e-09
4.920000000000004925e-02 2.880750478458098189e-09
4.950000000000004396e-02 2.819054214869676825e-09
4.980000000000003868e-02 2.759040178109677226e-09
5.010000000000004727e-02 2.700652776970784518e-09
5.030000000000004606e-02 2.662605055136006862e-09
5.060000000000004772e-02 2.606810985875710224e-09
5.090000000000004243e-02 2.552505584911035885e-09
5.120000000000004409e-02 2.499640706358716536e-09
5.150000000000004574e-02 2.448170030805464809e-09
5.180000000000004740e-02 2.398048985917880070e-09
5.210000000000004211e-02 2.349234670937227980e-09
5.240000000000005070e-02 2.301685784847929752e-09
5.270000000000004542e-02 2.255362558021314269e-09
5.300000000000004707e-02 2.210226687148029382e-09
5.330000000000004873e-02 2.166241273282648300e-09
5.360000000000004344e-02 2.123370762836706675e-09
5.390000000000005204e-02 2.081580891362779021e-09
5.410000000000004389e-02 2.054304972185381649e-09
5.440000000000005248e-02 2.014243355130171365e-09
5.470000000000004720e-02 1.975176908140049532e-09
5.500000000000004885e-02 1.937075653944503347e-09
5.530000000000005050e-02 1.899910674896549604e-09
5.560000000000005216e-02 1.863654070040674958e-09
5.590000000000004687e-02 1.828278914139789697e-09
5.620000000000004853e-02 1.793759218561847923e-09
5.650000000000005018e-02 1.760069893932393708e-09
5.680000000000004490e-02 1.727186714464463063e-09
5.710000000000005349e-02 1.695086283882105190e-09
5.740000000000004821e-02 1.663746002858487769e-09
5.770000000000005680e-02 1.633144037893737405e-09
5.790000000000004865e-02 1.613142455599445746e-09
5.820000000000005724e-02 1.583724484806891594e-09
5.850000000000005196e-02 1.554990129278317572e-09
5.880000000000005361e-02 1.526920118694819891e-09
5.910000000000005527e-02 1.499495820385976157e-09
5.940000000000004998e-02 1.472699215136641562e-09
5.970000000000005164e-02 1.446512874027885235e-09
6.000000000000005329e-02 1.420919936262927066e-09
6.030000000000005494e-02 1.395904087931514243e-09
6.060000000000004966e-02 1.371449541668611348e-09
6.090000000000005825e-02 1.347541017165539358e-09
6.120000000000005297e-02 1.324163722493872963e-09
6.150000000000006156e-02 1.301303336204409623e-09
6.170000000000005341e-02 1.286343383387629575e-09
6.200000000000005507e-02 1.264313909388752814e-09
6.230000000000005672e-02 1.242765325069435608e-09
6.260000000000005838e-02 1.221684892506164452e-09
6.290000000000005309e-02 1.201060269961783377e-09
6.320000000000004781e-02 1.180879497751951196e-09
6.350000000000005640e-02 1.161130984679802981e-09
6.380000000000005111e-02 1.141803495013413441e-09
6.410000000000004583e-02 1.122886135981919103e-09
6.440000000000006830e-02 1.104368345767349349e-09
6.470000000000006302e-02 1.086239881970300841e-09
6.500000000000005773e-02 1.068490810528683171e-09
6.530000000000005245e-02 1.051111495069746260e-09
6.550000000000005818e-02 1.039726076475051502e-09
6.580000000000005289e-02 1.022942383105242884e-09
6.610000000000004761e-02 1.006504127518105558e-09
6.640000000000007008e-02 9.904026802766604392e-10
6.670000000000006479e-02 9.746296651418706058e-10
6.700000000000005951e-02 9.591769505493894266e-10
6.730000000000005422e-02 9.440366414097474811e-10
6.760000000000006282e-02 9.292010712182922511e-10
6.790000000000005753e-02 9.146627944619012943e-10
6.820000000000006612e-02 9.004145793100319294e-10
6.850000000000006084e-02 8.864494005782852641e-10
6.880000000000005556e-02 8.727604329531792805e-10
6.910000000000006415e-02 8.593410444673525068e-10
6.930000000000005600e-02 8.505413614819165054e-10
6.960000000000006459e-02 8.375570391770717143e-10
6.990000000000005931e-02 8.248255089442220178e-10
7.020000000000006790e-02 8.123407957048928510e-10
7.050000000000006262e-02 8.000970902986490321e-10
7.080000000000007121e-02 7.880887441960351502e-10
7.110000000000006593e-02 7.763102644014725008e-10
7.140000000000006064e-02 7.647563085385124331e-10
7.170000000000005536e-02 7.534216801102073489e-10
7.200000000000006395e-02 7.423013239276463827e-10
7.230000000000007254e-02 7.313903217000242553e-10
7.260000000000006726e-02 7.206838877798977936e-10
7.290000000000006197e-02 7.101773650575497157e-10
7.310000000000006770e-02 7.032818350537317717e-10
7.340000000000006242e-02 6.930984851458913833e-10
7.370000000000005713e-02 6.831032261841193275e-10
7.400000000000006573e-02 6.732918394944055847e-10
7.430000000000007432e-02 6.636602175881874297e-10
7.460000000000006903e-02 6.542043607989050556e-10
7.490000000000006375e-02 6.449203740333060690e-10
7.520000000000005846e-02 6.358044636331342405e-10
7.550000000000006706e-02 6.268529343430381714e-10
7.580000000000007565e-02 6.180621863806963233e-10
7.610000000000007037e-02 6.094287126053234978e-10
7.640000000000006508e-02 6.009490957808916671e-10
7.660000000000007081e-02 5.953798460356231970e-10
7.690000000000006553e-02 5.871492994446820857e-10
7.720000000000007412e-02 5.790639168668897026e-10
7.750000000000006883e-02 5.711205887399730718e-10
7.780000000000006355e-02 5.633162837872741945e-10
7.810000000000007214e-02 5.556480467551594037e-10
7.840000000000006686e-02 5.481129962241839683e-10
7.870000000000007545e-02 5.407083224913410837e-10
7.900000000000007017e-02 5.334312855208275763e-10
7.930000000000006488e-02 5.262792129608579124e-10
7.960000000000007347e-02 5.192494982241589130e-10
7.990000000000008207e-02 5.123395986298716690e-10
8.020000000000007678e-02 5.055470336046717304e-10
8.040000000000008251e-02 5.010826451957714060e-10
8.070000000000007723e-02 4.944802885918534083e-10
8.100000000000007194e-02 4.879889422594687831e-10
8.130000000000006666e-02 4.816063388641325257e-10
8.160000000000006137e-02 4.753302655075974113e-10
8.190000000000008384e-02 4.691585622272032972e-10
8.220000000000007856e-02 4.630891205418957998e-10
8.250000000000007327e-02 4.571198820432993802e-10
8.280000000000006799e-02 4.512488370302915995e-10
8.310000000000007658e-02 4.454740231855833631e-10
8.340000000000008518e-02 4.397935242928689627e-10
8.370000000000007989e-02 4.342054689931561991e-10
8.400000000000007461e-02 4.287080295789540293e-10
8.420000000000008034e-02 4.250925288216040593e-10
8.450000000000007505e-02 4.197421691806251695e-10
8.480000000000006977e-02 4.144777561652837371e-10
8.510000000000007836e-02 4.092976123850353748e-10
8.540000000000007307e-02 4.042000989377824176e-10
8.570000000000008167e-02 3.991836143956915044e-10
8.600000000000007638e-02 3.942465938211650449e-10
8.630000000000008498e-02 3.893875078119686845e-10
8.660000000000007969e-02 3.846048615745523414e-10
8.690000000000007441e-02 3.798971940246369771e-10
8.720000000000006912e-02 3.752630769141784515e-10
8.750000000000007772e-02 3.707011139838441611e-10
8.780000000000008631e-02 3.662099401401718154e-10
8.800000000000007816e-02 3.632544911644363717e-10
8.830000000000008675e-02 3.588783477169989802e-10
8.860000000000008147e-02 3.545694994703841636e-10
8.890000000000007618e-02 3.503266889438979889e-10
8.920000000000007090e-02 3.461486862864159067e-10
8.950000000000009337e-02 3.420342885791143174e-10
8.980000000000008809e-02 3.379823191580591771e-10
9.010000000000008280e-02 3.339916269560217962e-10
9.040000000000007752e-02 3.300610858629147325e-10
9.070000000000007223e-02 3.261895941042636847e-10
9.100000000000008082e-02 3.223760736371446335e-10
9.130000000000008942e-02 3.186194695630456139e-10
9.160000000000008413e-02 3.149187495571187618e-10
9.180000000000008986e-02 3.124821497847337452e-10
9.210000000000008458e-02 3.088723353967096172e-10
9.240000000000007929e-02 3.053157583996199294e-10
9.270000000000008789e-02 3.018114646071281658e-10
9.300000000000008260e-02 2.983585199453326831e-10
9.330000000000009119e-02 2.949560099657889398e-10
9.360000000000008591e-02 2.916030393718405456e-10
9.390000000000008062e-02 2.882987315578528798e-10
9.420000000000008922e-02 2.850422281609573003e-10
9.450000000000008393e-02 2.818326886249315391e-10
9.480000000000007865e-02 2.786692897758441574e-10
9.510000000000008724e-02 2.755512254091167816e-10
9.540000000000009583e-02 2.724777058876558765e-10
9.560000000000008769e-02 2.704530573995545322e-10
9.590000000000009628e-02 2.674520683009291044e-10
9.620000000000009099e-02 2.644935964036665856e-10
9.650000000000008571e-02 2.615769095501160874e-10
9.680000000000008042e-02 2.587012904117121965e-10
9.710000000000007514e-02 2.558660361439174101e-10
9.740000000000009761e-02 2.530704580502278327e-10
9.770000000000009233e-02 2.503138812549775424e-10
9.800000000000008704e-02 2.475956443846835969e-10
9.830000000000008176e-02 2.449150992576847655e-10
9.860000000000007647e-02 2.422716105818333817e-10
9.890000000000009894e-02 2.396645556600072059e-10
9.920000000000009366e-02 2.370933241032166163e-10
9.940000000000009939e-02 2.353987756281443165e-10
9.970000000000009410e-02 2.328859258065875406e-10
1.000000000000000888e-01 2.304073297161029080e-10
1.003000000000000835e-01 2.279624197599543656e-10
1.006000000000000921e-01 2.255506394049014199e-10
1.009000000000000868e-01 2.231714429334222772e-10
1.012000000000000954e-01 2.208242952021997488e-10
1.015000000000000902e-01 2.185086714066966011e-10
1.018000000000000987e-01 2.162240568516483238e-10
1.021000000000000935e-01 2.139699467273065346e-10
1.024000000000000882e-01 2.117458458912745388e-10
1.027000000000000968e-01 2.095512686557774915e-10
1.030000000000000915e-01 2.073857385802187604e-10
1.032000000000000833e-01 2.059579579953230460e-10
1.035000000000000919e-01 2.038398055729671768e-10
1.038000000000001005e-01 2.017494734879676218e-10
1.041000000000000952e-01 1.996865175127740276e-10
1.044000000000000900e-01 1.976505017646379862e-10
1.047000000000000847e-01 1.956409985254815577e-10
1.050000000000000933e-01 1.936575880661552270e-10
1.053000000000001019e-01 1.916998584749673435e-10
1.056000000000000966e-01 1.897674054903679205e-10
1.059000000000000913e-01 1.878598323376763141e-10
1.062000000000000860e-01 1.859767495697433081e-10
1.065000000000001085e-01 1.841177749114413923e-10
1.068000000000001032e-01 1.822825331078823928e-10
1.070000000000000950e-01 1.810720412956291392e-10
1.073000000000001036e-01 1.792755389495663751e-10
1.076000000000000983e-01 1.775018019841410097e-10
1.079000000000000931e-01 1.757504796443353746e-10
1.082000000000001017e-01 1.740212275334756098e-10
1.085000000000000964e-01 1.723137074807699073e-10
1.088000000000001050e-01 1.706275874119620201e-10
1.091000000000000997e-01 1.689625412230198522e-10
1.094000000000000944e-01 1.673182486567779364e-10
1.097000000000001030e-01 1.656943951824589139e-10
1.100000000000000977e-01 1.640906718779980708e-10
1.103000000000000924e-01 1.625067753150979325e-10
1.106000000000001010e-01 1.609424074469434586e-10
1.108000000000000929e-01 1.599102000157439412e-10
1.111000000000001015e-01 1.583777319157612539e-10
1.114000000000000962e-01 1.568640232022469692e-10
1.117000000000001048e-01 1.553687946409954826e-10
1.120000000000000995e-01 1.538917718884951356e-10
1.123000000000000942e-01 1.524326853934771540e-10
1.126000000000001028e-01 1.509912703007024186e-10
1.129000000000001114e-01 1.495672663569301327e-10
1.132000000000001061e-01 1.481604178190118522e-10
1.135000000000001008e-01 1.467704733640590762e-10
1.138000000000000955e-01 1.453971860016305807e-10
1.141000000000000902e-01 1.440403129878906905e-10
1.144000000000001127e-01 1.426996157416875152e-10
1.146000000000001046e-01 1.418146881468539150e-10
1.149000000000001132e-01 1.405004313797131787e-10
1.152000000000001079e-01 1.392017338963971800e-10
1.155000000000001026e-01 1.379183716907036926e-10
1.158000000000000973e-01 1.366501245515061121e-10
1.161000000000001059e-01 1.353967759888492361e-10
1.164000000000001145e-01 1.341581131616715669e-10
1.167000000000001092e-01 1.329339268071117162e-10
1.170000000000001039e-01 1.317240111713621289e-10
1.173000000000000986e-01 1.305281639420323852e-10
1.176000000000001072e-01 1.293461861819843940e-10
1.179000000000001019e-01 1.281778822646039327e-10
1.182000000000001105e-01 1.270230598104746722e-10
1.184000000000001024e-01 1.262605743177300969e-10
1.187000000000001110e-01 1.251278020829917510e-10
1.190000000000001057e-01 1.240080137079466407e-10
1.193000000000001143e-01 1.229010281995374017e-10
1.196000000000001090e-01 1.218066675339484578e-10
1.199000000000001037e-01 1.207247566006110638e-10
1.202000000000000984e-01 1.196551231474010641e-10
1.205000000000001070e-01 1.185975977270002372e-10
1.208000000000001156e-01 1.175520136443953745e-10
1.211000000000001103e-01 1.165182069054865056e-10
1.214000000000001050e-01 1.154960161667797895e-10
1.217000000000000998e-01 1.144852826861377626e-10
1.220000000000001222e-01 1.134858502745638982e-10
1.222000000000001002e-01 1.128257643772924808e-10
1.225000000000001227e-01 1.118448267794637609e-10
1.228000000000001174e-01 1.108747858728481720e-10
1.231000000000001121e-01 1.099154944335147900e-10
1.234000000000001068e-01 1.089668075786392676e-10
1.237000000000001015e-01 1.080285827237064277e-10
1.240000000000001101e-01 1.071006795405965819e-10
1.243000000000001187e-01 1.061829599165349475e-10
1.246000000000001134e-01 1.052752879138846606e-10
1.249000000000001082e-01 1.043775297307645511e-10
1.252000000000001168e-01 1.034895536624714686e-10
1.255000000000001115e-01 1.026112300636906397e-10
1.258000000000001062e-01 1.017424313114743718e-10
1.260000000000001119e-01 1.011684616012110071e-10
1.263000000000001066e-01 1.003152593649517299e-10
1.266000000000001013e-01 9.947125126102141605e-11
1.269000000000000961e-01 9.863631677705116766e-11
1.272000000000001185e-01 9.781033725994417333e-11
1.275000000000001132e-01 9.699319588289676694e-11
1.278000000000001080e-01 9.618477761307993830e-11
1.281000000000001027e-01 9.538496917996662621e-11
1.284000000000001251e-01 9.459365904429154632e-11
1.287000000000000921e-01 9.381073736762769492e-11
1.290000000000001146e-01 9.303609598256706951e-11
1.293000000000001370e-01 9.226962836349229358e-11
1.296000000000001040e-01 9.151122959792547120e-11
1.298000000000001375e-01 9.101006202699134403e-11
1.301000000000001044e-01 9.026488250436648412e-11
1.304000000000001269e-01 8.952749974325132359e-11
1.307000000000000939e-01 8.879781450988145581e-11
1.310000000000001164e-01 8.807572905719695866e-11
1.313000000000001388e-01 8.736114709923359368e-11
1.316000000000001058e-01 8.665397378601075293e-11
1.319000000000001283e-01 8.595411567890786901e-11
1.322000000000000952e-01 8.526148072651765583e-11
1.325000000000001177e-01 8.457597824096545283e-11
1.328000000000001402e-01 8.389751887468642655e-11
1.331000000000001071e-01 8.322601459764867422e-11
1.334000000000001296e-01 8.256137867501328556e-11
1.336000000000001076e-01 8.212206155738405315e-11
1.339000000000001300e-01 8.146868359655561369e-11
1.342000000000001247e-01 8.082194886397151099e-11
1.345000000000001195e-01 8.018177518952762700e-11
1.348000000000001142e-01 7.954808159957531078e-11
1.351000000000001089e-01 7.892078829688988171e-11
1.354000000000001314e-01 7.829981664101694735e-11
1.357000000000001261e-01 7.768508912899100431e-11
1.360000000000001208e-01 7.707652937641598234e-11
1.363000000000001155e-01 7.647406209890190258e-11
1.366000000000001102e-01 7.587761309384957208e-11
1.369000000000001327e-01 7.528710922257567604e-11
1.372000000000001274e-01 7.470247839277208981e-11
1.374000000000001331e-01 7.431595217230059488e-11
1.377000000000001279e-01 7.374095232741273243e-11
1.380000000000001226e-01 7.317163826354940424e-11
1.383000000000001173e-01 7.260794158024583747e-11
1.386000000000001398e-01 7.204979484576677606e-11
1.389000000000001345e-01 7.149713158132994916e-11
1.392000000000001292e-01 7.094988624561905293e-11
1.395000000000001239e-01 7.040799421958240681e-11
1.398000000000001186e-01 6.987139179150896096e-11
1.401000000000001411e-01 6.934001614237797113e-11
1.404000000000001358e-01 6.881380533147527133e-11
1.407000000000001305e-01 6.829269828227182738e-11
1.410000000000001252e-01 6.777663476855889733e-11
1.412000000000001310e-01 6.743536502806819789e-11
1.415000000000001257e-01 6.692757583729714554e-11
1.418000000000001204e-01 6.642467363316028619e-11
1.421000000000001429e-01 6.592660119267362385e-11
1.424000000000001098e-01 6.543330208171220340e-11
1.427000000000001323e-01 6.494472064250372127e-11
1.430000000000001270e-01 6.446080198134694843e-11
1.433000000000001217e-01 6.398149195654860650e-11
1.436000000000001442e-01 6.350673716657642244e-11
1.439000000000001112e-01 6.303648493842246797e-11
1.442000000000001336e-01 6.257068331617313914e-11
1.445000000000001283e-01 6.210928104978240251e-11
1.448000000000001231e-01 6.165222758404286683e-11
1.450000000000001288e-01 6.134991661833144402e-11
1.453000000000001235e-01 6.090000066173971215e-11
1.456000000000001460e-01 6.045430200711492673e-11
1.459000000000001129e-01 6.001277255574193321e-11
1.462000000000001354e-01 5.957536485479101141e-11
1.465000000000001579e-01 5.914203208734336981e-11
1.468000000000001248e-01 5.871272806259055454e-11
1.471000000000001473e-01 5.828740720620449026e-11
1.474000000000001143e-01 5.786602455087509615e-11
1.477000000000001367e-01 5.744853572701176772e-11
1.480000000000001315e-01 5.703489695360610711e-11
1.483000000000001262e-01 5.662506502925208268e-11
1.486000000000001486e-01 5.621899732332129787e-11
1.488000000000001266e-01 5.595035595437161560e-11
1.491000000000001491e-01 5.555046873392435767e-11
1.494000000000001160e-01 5.515423477520658601e-11
1.497000000000001385e-01 5.476161346736265608e-11
1.500000000000001332e-01 5.437256473109325332e-11
1.503000000000001279e-01 5.398704901065351931e-11
1.506000000000001504e-01 5.360502726598692603e-11
1.509000000000001174e-01 5.322646096499328910e-11
1.512000000000001398e-01 5.285131207592713304e-11
1.515000000000001346e-01 5.247954305992522597e-11
1.518000000000001293e-01 5.211111686365989100e-11
1.521000000000001517e-01 5.174599691211583243e-11
1.523000000000001297e-01 5.150440256549045623e-11
1.526000000000001522e-01 5.114471302067202928e-11
1.529000000000001469e-01 5.078823447198841242e-11
1.532000000000001416e-01 5.043493203837916194e-11
1.535000000000001363e-01 5.008477128495865881e-11
1.538000000000001311e-01 4.973771821645212681e-11
1.541000000000001258e-01 4.939373927074026976e-11
1.544000000000001482e-01 4.905280131251168788e-11
1.547000000000001430e-01 4.871487162701980313e-11
1.550000000000001377e-01 4.837991791394327276e-11
1.553000000000001324e-01 4.804790828134775817e-11
1.556000000000001271e-01 4.771881123974690387e-11
1.559000000000001496e-01 4.739259569626110462e-11
1.561000000000001275e-01 4.717670432215251675e-11
1.564000000000001500e-01 4.685522323927440197e-11
1.567000000000001447e-01 4.653654263573504522e-11
1.570000000000001394e-01 4.622063282443339657e-11
1.573000000000001342e-01 4.590746448885460693e-11
1.576000000000001289e-01 4.559700867774900132e-11
1.579000000000001513e-01 4.528923679989753135e-11
1.582000000000001461e-01 4.498412061896185853e-11
1.585000000000001408e-01 4.468163224841766630e-11
1.588000000000001632e-01 4.438174414656995326e-11
1.591000000000001302e-01 4.408442911164836272e-11
1.594000000000001527e-01 4.378966027698141744e-11
1.597000000000001474e-01 4.349741110624825736e-11
1.599000000000001531e-01 4.330396518226566425e-11
1.602000000000001478e-01 4.301585736429508182e-11
1.605000000000001426e-01 4.273020002648687557e-11
1.608000000000001650e-01 4.244696780439540550e-11
1.611000000000001320e-01 4.216613564275056832e-11
1.614000000000001545e-01 4.188767879112264072e-11
1.617000000000001214e-01 4.161157279965641205e-11
1.620000000000001439e-01 4.133779351487193082e-11
1.623000000000001664e-01 4.106631707553236926e-11
1.626000000000001333e-01 4.079711990857647889e-11
1.629000000000001558e-01 4.053017872511517212e-11
1.632000000000001227e-01 4.026547051649110523e-11
1.635000000000001452e-01 4.000297255039972473e-11
1.637000000000001232e-01 3.982919071651108831e-11
1.640000000000001457e-01 3.957032671025671970e-11
1.643000000000001681e-01 3.931361364926685446e-11
1.646000000000001351e-01 3.905902978231494405e-11
1.649000000000001576e-01 3.880655361721164514e-11
1.652000000000001523e-01 3.855616391725632468e-11
1.655000000000001470e-01 3.830783969774332679e-11
1.658000000000001695e-01 3.806156022252220689e-11
1.661000000000001364e-01 3.781730500061129302e-11
1.664000000000001589e-01 3.757505378286304933e-11
1.667000000000001536e-01 3.733478655868100276e-11
1.670000000000001483e-01 3.709648355278684974e-11
1.673000000000001708e-01 3.686012522203707746e-11
1.675000000000001488e-01 3.670362382943855469e-11
1.678000000000001435e-01 3.647046381529893227e-11
1.681000000000001382e-01 3.623919747244854067e-11
1.684000000000001607e-01 3.600980608244765532e-11
1.687000000000001554e-01 3.578227114476640789e-11
1.690000000000001501e-01 3.555657437386626044e-11
1.693000000000001448e-01 3.533269769632609566e-11
1.696000000000001395e-01 3.511062324801168878e-11
1.699000000000001620e-01 3.489033337128748210e-11
1.702000000000001567e-01 3.467181061227086876e-11
1.705000000000001514e-01 3.445503771812742205e-11
1.708000000000001461e-01 3.423999763440674049e-11
1.711000000000001686e-01 3.402667350241828842e-11
1.713000000000001466e-01 3.388540248318714451e-11
1.716000000000001691e-01 3.367490133051430563e-11
1.719000000000001638e-01 3.346607211057715142e-11
1.722000000000001585e-01 3.325889866064667318e-11
1.725000000000001532e-01 3.305336500201586065e-11
1.728000000000001479e-01 3.284945533758903924e-11
1.731000000000001704e-01 3.264715404950759025e-11
1.734000000000001651e-01 3.244644569681014123e-11
1.737000000000001598e-01 3.224731501312756908e-11
1.740000000000001545e-01 3.204974690441204674e-11
1.743000000000001493e-01 3.185372644669913192e-11
1.746000000000001717e-01 3.165923888390309808e-11
1.749000000000001387e-01 3.146626962564431226e-11
1.751000000000001722e-01 3.133845982497249992e-11
1.754000000000001391e-01 3.114798909450559124e-11
1.757000000000001616e-01 3.095899855483400556e-11
1.760000000000001563e-01 3.077147420508785097e-11
1.763000000000001510e-01 3.058540220037662221e-11
1.766000000000001735e-01 3.040076884979018295e-11
1.769000000000001405e-01 3.021756061442847334e-11
1.772000000000001629e-01 3.003576410545978098e-11
1.775000000000001854e-01 2.985536608220718146e-11
1.778000000000001524e-01 2.967635345026227566e-11
1.781000000000001748e-01 2.949871325962640514e-11
1.784000000000001418e-01 2.932243270287831776e-11
1.787000000000001643e-01 2.914749911336816750e-11
1.789000000000001422e-01 2.903161884332894788e-11
1.792000000000001647e-01 2.885890242781705075e-11
1.795000000000001872e-01 2.868749987656915053e-11
1.798000000000001541e-01 2.851739902405987923e-11
1.801000000000001766e-01 2.834858783744271818e-11
1.804000000000001436e-01 2.818105441488532301e-11
1.807000000000001660e-01 2.801478698392824532e-11
1.810000000000001608e-01 2.784977389986713554e-11
1.813000000000001555e-01 2.768600364415757674e-11
1.816000000000001779e-01 2.752346482284252706e-11
1.819000000000001449e-01 2.736214616500200880e-11
1.822000000000001674e-01 2.720203652122446242e-11
1.825000000000001621e-01 2.704312486209963324e-11
1.827000000000001678e-01 2.693784391011665687e-11
1.830000000000001625e-01 2.678090470350882160e-11
1.833000000000001573e-01 2.662513464523116515e-11
1.836000000000001797e-01 2.647052313332201612e-11
1.839000000000001744e-01 2.631705967906192448e-11
1.842000000000001692e-01 2.616473390558206595e-11
1.845000000000001639e-01 2.601353554649183948e-11
1.848000000000001586e-01 2.586345444452562234e-11
1.851000000000001811e-01 2.571448055020824031e-11
1.854000000000001758e-01 2.556660392053885539e-11
1.857000000000001705e-01 2.541981471769300959e-11
1.860000000000001652e-01 2.527410320774261142e-11
1.863000000000001599e-01 2.512945975939347727e-11
1.865000000000001656e-01 2.503361945112233889e-11
1.868000000000001604e-01 2.489073497738670298e-11
1.871000000000001551e-01 2.474889337415214341e-11
1.874000000000001775e-01 2.460808537592540201e-11
1.877000000000001723e-01 2.446830181418083473e-11
1.880000000000001670e-01 2.432953361619272661e-11
1.883000000000001617e-01 2.419177180388366250e-11
1.886000000000001564e-01 2.405500749268837192e-11
1.889000000000001789e-01 2.391923189043315452e-11
1.892000000000001736e-01 2.378443629623042432e-11
1.895000000000001683e-01 2.365061209938803976e-11
1.898000000000001908e-01 2.351775077833373303e-11
1.901000000000001577e-01 2.338584389955366282e-11
1.903000000000001912e-01 2.329843210079583107e-11
1.906000000000001582e-01 2.316809745385712820e-11
1.909000000000001807e-01 2.303869518241270071e-11
1.912000000000001754e-01 2.291021716697856957e-11
1.915000000000001701e-01 2.278265537136196913e-11
1.918000000000001926e-01 2.265600184167843041e-11
1.921000000000001595e-01 2.253024870538162748e-11
1.924000000000001820e-01 2.240538817030642319e-11
1.927000000000001767e-01 2.228141252372447772e-11
1.930000000000001714e-01 2.215831413141251361e-11
1.933000000000001939e-01 2.203608543673284638e-11
1.936000000000001608e-01 2.191471895972612893e-11
1.939000000000001833e-01 2.179420729621609333e-11
1.941000000000001613e-01 2.171433746114467213e-11
1.944000000000001838e-01 2.159523423610684436e-11
1.947000000000001507e-01 2.147696644390893105e-11
1.950000000000001732e-01 2.135952695077556364e-11
1.953000000000001957e-01 2.124290869469001227e-11
1.956000000000001626e-01 2.112710468456360919e-11
1.959000000000001851e-01 2.101210799941608064e-11
1.962000000000001521e-01 2.089791178756655450e-11
1.965000000000001745e-01 2.078450926583514360e-11
1.968000000000001970e-01 2.067189371875491402e-11
1.971000000000001640e-01 2.056005849779410589e-11
1.974000000000001864e-01 2.044899702058845163e-11
1.977000000000001811e-01 2.033870277018344619e-11
1.979000000000001869e-01 2.026559631806893884e-11
1.982000000000001816e-01 2.015656647216758898e-11
1.985000000000001763e-01 2.004828678864540579e-11
1.988000000000001988e-01 1.994075098405795000e-11
1.991000000000001657e-01 1.983395283696198559e-11
1.994000000000001882e-01 1.972788618721145541e-11
1.997000000000001829e-01 1.962254493526252989e-11
2.000000000000001776e-01 1.951792304148766430e-11
2.003000000000001724e-01 1.941401452549823150e-11
2.006000000000001671e-01 1.931081346547603405e-11
2.009000000000001895e-01 1.920831399751315909e-11
2.012000000000001843e-01 1.910651031496039917e-11
2.015000000000001790e-01 1.900539666778384141e-11
2.017000000000001847e-01 1.893836810848975158e-11
2.020000000000001794e-01 1.883839189418099962e-11
2.023000000000001741e-01 1.873909065380550403e-11
2.026000000000001966e-01 1.864045883954532691e-11
2.029000000000001913e-01 1.854249095730168142e-11
2.032000000000001860e-01 1.844518156609636649e-11
2.035000000000001807e-01 1.834852527748082701e-11
2.038000000000001755e-01 1.825251675495245190e-11
2.041000000000001979e-01 1.815715071337845899e-11
2.044000000000001926e-01 1.806242191842680764e-11
2.047000000000001874e-01 1.796832518600427175e-11
2.050000000000001821e-01 1.787485538170164384e-11
2.053000000000001768e-01 1.778200742024576348e-11
2.055000000000001825e-01 1.772045175829123062e-11
2.058000000000001772e-01 1.762862903271702726e-11
2.061000000000001997e-01 1.753741482538799744e-11
2.064000000000001667e-01 1.744680422661796967e-11
2.067000000000001891e-01 1.735679237338853196e-11
2.070000000000001839e-01 1.726737444883866781e-11
2.073000000000001786e-01 1.717854568176056378e-11
2.076000000000002010e-01 1.709030134610168555e-11
2.079000000000001680e-01 1.700263676047305458e-11
2.082000000000001905e-01 1.691554728766345077e-11
2.085000000000001852e-01 1.682902833415971552e-11
2.088000000000001799e-01 1.674307534967284514e-11
2.091000000000002024e-01 1.665768382667000692e-11
2.093000000000001803e-01 1.660106586093182762e-11
2.096000000000002028e-01 1.651660020499457494e-11
2.099000000000001698e-01 1.643268419598570886e-11
2.102000000000001922e-01 1.634931347923220409e-11
2.105000000000002147e-01 1.626648374070743696e-11
2.108000000000001817e-01 1.618419070659464728e-11
2.111000000000002041e-01 1.610243014285555074e-11
2.114000000000001711e-01 1.602119785480437324e-11
2.117000000000001936e-01 1.594048968668686438e-11
2.120000000000002160e-01 1.586030152126456812e-11
2.123000000000001830e-01 1.578062927940397901e-11
2.126000000000002055e-01 1.570146891967070344e-11
2.129000000000001724e-01 1.562281643792854845e-11
2.131000000000002059e-01 1.557066164390521042e-11
2.134000000000001729e-01 1.549284682745160900e-11
2.137000000000001954e-01 1.541552939064173203e-11
2.140000000000001901e-01 1.533870546274626151e-11
2.143000000000001848e-01 1.526237120852564678e-11
2.146000000000002073e-01 1.518652282785565347e-11
2.149000000000001742e-01 1.511115655535742308e-11
2.152000000000001967e-01 1.503626866003178165e-11
2.155000000000001914e-01 1.496185544489809137e-11
2.158000000000001861e-01 1.488791324663723816e-11
2.161000000000002086e-01 1.481443843523894253e-11
2.164000000000002033e-01 1.474142741365319988e-11
2.167000000000001980e-01 1.466887661744591489e-11
2.169000000000002037e-01 1.462076335514631378e-11
2.172000000000001985e-01 1.454897176778132663e-11
2.175000000000001932e-01 1.447763105751695270e-11
2.178000000000001879e-01 1.440673777662918552e-11
2.181000000000002104e-01 1.433628850845556022e-11
2.184000000000002051e-01 1.426627986707312011e-11
2.187000000000001998e-01 1.419670849698016547e-11
2.190000000000001945e-01 1.412757107278166151e-11
2.193000000000001892e-01 1.405886429887840104e-11
2.196000000000002117e-01 1.399058490915973761e-11
2.199000000000002064e-01 1.392272966669994392e-11
2.202000000000002011e-01 1.385529536345810041e-11
2.205000000000001958e-01 1.378827881998139265e-11
2.207000000000002016e-01 1.374383165580572965e-11
2.210000000000001963e-01 1.367750438987288304e-11
2.213000000000001910e-01 1.361158654270980865e-11
2.216000000000001857e-01 1.354607503720424813e-11
2.219000000000002082e-01 1.348096682349266674e-11
2.222000000000002029e-01 1.341625887868250487e-11
2.225000000000001976e-01 1.335194820657770110e-11
2.228000000000002201e-01 1.328803183740736398e-11
2.231000000000001871e-01 1.322450682755755233e-11
2.234000000000002095e-01 1.316137025930609918e-11
2.237000000000002042e-01 1.309861924056058618e-11
2.240000000000001990e-01 1.303625090459915655e-11
2.243000000000002214e-01 1.297426240981445421e-11
2.245000000000001994e-01 1.293314637749935086e-11
2.248000000000002219e-01 1.287178470407044371e-11
2.251000000000001888e-01 1.281079541506388072e-11
2.254000000000002113e-01 1.275017575881408529e-11
2.257000000000002060e-01 1.268992300761274455e-11
2.260000000000002007e-01 1.263003445746865070e-11
2.263000000000002232e-01 1.257050742787047631e-11
2.266000000000001902e-01 1.251133926155204886e-11
2.269000000000002126e-01 1.245252732426039282e-11
2.272000000000001796e-01 1.239406900452633246e-11
2.275000000000002021e-01 1.233596171343770056e-11
2.278000000000002245e-01 1.227820288441512722e-11
2.280000000000002025e-01 1.223988933100592041e-11
2.283000000000002250e-01 1.218270562853909931e-11
2.286000000000001919e-01 1.212586365143082322e-11
2.289000000000002144e-01 1.206936091311042446e-11
2.292000000000002091e-01 1.201319494832642142e-11
2.295000000000002038e-01 1.195736331293609154e-11
2.298000000000002263e-01 1.190186358369746606e-11
2.301000000000001933e-01 1.184669335806363025e-11
2.304000000000002157e-01 1.179185025397932099e-11
2.307000000000002105e-01 1.173733190967975065e-11
2.310000000000002052e-01 1.168313598349173149e-11
2.313000000000002276e-01 1.162926015363690207e-11
2.316000000000001946e-01 1.157570211803725410e-11
2.318000000000002281e-01 1.154017218534265090e-11
2.321000000000001950e-01 1.148713874400434122e-11
2.324000000000002175e-01 1.143441705290279646e-11
2.327000000000002122e-01 1.138200488056462347e-11
2.330000000000002069e-01 1.132990001433694643e-11
2.333000000000002017e-01 1.127810026020466783e-11
2.336000000000001964e-01 1.122660344260985069e-11
2.339000000000002188e-01 1.117540740427295216e-11
2.342000000000002136e-01 1.112451000601610905e-11
2.345000000000002083e-01 1.107390912658833613e-11
2.348000000000002030e-01 1.102360266249255328e-11
2.351000000000002255e-01 1.097358852781463375e-11
2.354000000000002202e-01 1.092386465405422476e-11
2.356000000000002259e-01 1.089087564727626757e-11
2.359000000000002206e-01 1.084163099181145426e-11
2.362000000000002153e-01 1.079267116513044178e-11
2.365000000000002101e-01 1.074399416116562492e-11
2.368000000000002048e-01 1.069559799049769753e-11
2.371000000000002272e-01 1.064748068019669007e-11
2.374000000000002220e-01 1.059964027366464374e-11
2.377000000000002167e-01 1.055207483047999709e-11
2.380000000000002114e-01 1.050478242624367876e-11
2.383000000000002061e-01 1.045776115242680930e-11
2.386000000000002286e-01 1.041100911622009292e-11
2.389000000000002233e-01 1.036452444038476824e-11
2.392000000000002180e-01 1.031830526310520215e-11
2.394000000000001960e-01 1.028763906495467890e-11
2.397000000000002184e-01 1.024185828932845888e-11
2.400000000000002132e-01 1.019633812171405842e-11
2.403000000000002079e-01 1.015107675561133775e-11
2.406000000000002303e-01 1.010607239927586370e-11
2.409000000000001973e-01 1.006132327558022606e-11
2.412000000000002198e-01 1.001682762187674502e-11
2.415000000000002423e-01 9.972583689861711731e-12
2.418000000000002092e-01 9.928589745441032891e-12
2.421000000000002317e-01 9.884844068597290504e-12
2.424000000000001986e-01 9.841344953258218569e-12
2.427000000000002211e-01 9.798090707166588527e-12
2.430000000000002436e-01 9.755079651751445360e-12
2.432000000000002216e-01 9.726539897957039396e-12
2.435000000000002440e-01 9.683930466947796380e-12
2.438000000000002110e-01 9.641559816371829144e-12
2.441000000000002335e-01 9.599426316761312119e-12
2.444000000000002004e-01 9.557528351751524479e-12
2.447000000000002229e-01 9.515864317959532469e-12
2.450000000000002454e-01 9.474432624864219141e-12
2.453000000000002123e-01 9.433231694687504768e-12
2.456000000000002348e-01 9.392259962276850042e-12
2.459000000000002017e-01 9.351515874988970955e-12
2.462000000000002242e-01 9.310997892574741144e-12
2.465000000000002189e-01 9.270704487065338231e-12
2.468000000000002137e-01 9.230634142659551777e-12
2.470000000000002194e-01 9.204043759474695738e-12
2.473000000000002141e-01 9.164341847822653391e-12
2.476000000000002366e-01 9.124859013779166752e-12
2.479000000000002313e-01 9.085593785212143662e-12
2.482000000000002260e-01 9.046544701646407113e-12
2.485000000000002207e-01 9.007710314157476858e-12
2.488000000000002154e-01 8.969089185266422151e-12
2.491000000000002379e-01 8.930679888835774314e-12
2.494000000000002326e-01 8.892481009966558909e-12
2.497000000000002273e-01 8.854491144896337651e-12
2.500000000000002220e-01 8.816708900898305294e-12
2.503000000000001890e-01 8.779132896181477042e-12
2.506000000000002115e-01 8.741761759791785542e-12
2.508000000000001894e-01 8.716960812452545068e-12
2.511000000000002119e-01 8.679928105834338985e-12
2.514000000000002344e-01 8.643096663905643897e-12
2.517000000000002014e-01 8.606465154618504595e-12
2.520000000000002238e-01 8.570032256313822837e-12
2.523000000000001908e-01 8.533796657628149277e-12
2.526000000000002133e-01 8.497757057401302580e-12
2.529000000000002357e-01 8.461912164585059665e-12
2.532000000000002027e-01 8.426260698152658592e-12
2.535000000000002252e-01 8.390801387009253033e-12
2.538000000000002476e-01 8.355532969903315086e-12
2.541000000000002146e-01 8.320454195338871735e-12
2.544000000000002371e-01 8.285563821488628270e-12
2.546000000000002150e-01 8.262407630410973273e-12
2.549000000000002375e-01 8.227828524123483847e-12
2.552000000000002045e-01 8.193434553628860690e-12
2.555000000000002269e-01 8.159224511822654010e-12
2.558000000000002494e-01 8.125197200875197631e-12
2.561000000000002719e-01 8.091351432149595336e-12
2.564000000000001833e-01 8.057686026120490757e-12
2.567000000000002058e-01 8.024199812293659606e-12
2.570000000000002283e-01 7.990891629126456544e-12
2.573000000000002507e-01 7.957760323948992308e-12
2.576000000000002732e-01 7.924804752886102459e-12
2.579000000000001847e-01 7.892023780780141714e-12
2.582000000000002071e-01 7.859416281114477808e-12
2.584000000000001851e-01 7.837773769157048783e-12
2.587000000000002076e-01 7.805452910084795878e-12
2.590000000000002300e-01 7.773302561080107999e-12
2.593000000000002525e-01 7.741321626668030814e-12
2.596000000000002750e-01 7.709509019667661138e-12
2.599000000000001864e-01 7.677863661119867178e-12
2.602000000000002089e-01 7.646384480215703480e-12
2.605000000000002314e-01 7.615070414225564209e-12
2.608000000000002538e-01 7.583920408429014961e-12
2.611000000000002763e-01 7.552933416045296670e-12
2.614000000000001878e-01 7.522108398164535526e-12
2.617000000000002102e-01 7.491444323679603968e-12
2.620000000000002327e-01 7.460940169218697388e-12
2.622000000000002107e-01 7.440692408807099869e-12
2.625000000000002331e-01 7.410452534358064348e-12
2.628000000000002556e-01 7.380369888252668442e-12
2.631000000000002781e-01 7.350443474915322955e-12
2.634000000000001895e-01 7.320672306199561031e-12
2.637000000000002120e-01 7.291055401324183687e-12
2.640000000000002345e-01 7.261591786810124282e-12
2.643000000000002570e-01 7.232280496417819477e-12
2.646000000000002794e-01 7.203120571085264390e-12
2.649000000000002464e-01 7.174111058866614632e-12
2.652000000000002133e-01 7.145251014871437001e-12
2.655000000000002358e-01 7.116539501204477966e-12
2.658000000000002583e-01 7.087975586906091320e-12
2.660000000000002363e-01 7.069014520404491653e-12
2.663000000000002587e-01 7.040694554905063259e-12
2.666000000000002812e-01 7.012519739675275330e-12
2.669000000000002482e-01 6.984489168685168895e-12
2.672000000000002151e-01 6.956601942569680489e-12
2.675000000000002376e-01 6.928857168572204034e-12
2.678000000000002601e-01 6.901253960488700412e-12
2.681000000000002825e-01 6.873791438612324833e-12
2.684000000000002495e-01 6.846468729678608345e-12
2.687000000000002164e-01 6.819284966811136950e-12
2.690000000000002389e-01 6.792239289467754168e-12
2.693000000000002614e-01 6.765330843387304823e-12
2.696000000000002284e-01 6.738558780536840882e-12
2.698000000000002618e-01 6.720786091113199076e-12
2.701000000000002288e-01 6.694239465879108787e-12
2.704000000000002513e-01 6.667826992506922785e-12
2.707000000000002182e-01 6.641547845357035302e-12
2.710000000000002407e-01 6.615401204778322051e-12
2.713000000000002632e-01 6.589386257058153152e-12
2.716000000000002301e-01 6.563502194372867311e-12
2.719000000000002526e-01 6.537748214738693509e-12
2.722000000000002196e-01 6.512123521963166262e-12
2.725000000000002420e-01 6.486627325596975469e-12
2.728000000000002645e-01 6.461258840886290435e-12
2.731000000000002315e-01 6.436017288725512025e-12
2.734000000000002539e-01 6.410901895610470722e-12
2.736000000000002319e-01 6.394228009097857003e-12
2.739000000000002544e-01 6.369321177227957300e-12
2.742000000000002213e-01 6.344538468759632604e-12
2.745000000000002438e-01 6.319879130333959702e-12
2.748000000000002663e-01 6.295342413980799801e-12
2.751000000000002332e-01 6.270927577074407046e-12
2.754000000000002557e-01 6.246633882289481313e-12
2.757000000000002227e-01 6.222460597557618446e-12
2.760000000000002451e-01 6.198406996024133692e-12
2.763000000000002676e-01 6.174472356005369806e-12
2.766000000000002346e-01 6.150655960946312127e-12
2.769000000000002570e-01 6.126957099378632586e-12
2.772000000000002795e-01 6.103375064879148114e-12
2.774000000000002575e-01 6.087718265888369322e-12
2.777000000000002800e-01 6.064329386912364026e-12
2.780000000000002469e-01 6.041055475562444368e-12
2.783000000000002694e-01 6.017895843564748963e-12
2.786000000000002363e-01 5.994849807501569237e-12
2.789000000000002588e-01 5.971916688771929909e-12
2.792000000000002813e-01 5.949095813552485317e-12
2.795000000000002482e-01 5.926386512758804296e-12
2.798000000000002707e-01 5.903788122007001603e-12
2.801000000000002377e-01 5.881299981575735264e-12
2.804000000000002601e-01 5.858921436368526238e-12
2.807000000000002826e-01 5.836651835876439161e-12
2.810000000000002496e-01 5.814490534141104788e-12
2.812000000000002831e-01 5.799776182012823061e-12
2.815000000000002500e-01 5.777793954985913961e-12
2.818000000000002170e-01 5.755918326129636111e-12
2.821000000000002395e-01 5.734148665860015921e-12
2.824000000000002619e-01 5.712484348975449566e-12
2.827000000000002844e-01 5.690924754621599511e-12
2.830000000000002514e-01 5.669469266256593953e-12
2.833000000000002183e-01 5.648117271616526768e-12
2.836000000000002408e-01 5.626868162681320963e-12
2.839000000000002633e-01 5.605721335640833654e-12
2.842000000000002857e-01 5.584676190861316485e-12
2.845000000000002527e-01 5.563732132852157950e-12
2.848000000000002196e-01 5.542888570232914113e-12
2.850000000000002531e-01 5.529048402399312530e-12
2.853000000000002201e-01 5.508371028977948391e-12
2.856000000000002426e-01 5.487792593778789023e-12
2.859000000000002650e-01 5.467312520214862240e-12
2.862000000000002875e-01 5.446930235659474903e-12
2.865000000000002545e-01 5.426645171414876992e-12
2.868000000000002214e-01 5.406456762681220526e-12
2.871000000000002439e-01 5.386364448525831091e-12
2.874000000000002664e-01 5.366367671852704748e-12
2.877000000000002888e-01 5.346465879372303829e-12
2.880000000000002558e-01 5.326658521571624946e-12
2.883000000000002228e-01 5.306945052684497235e-12
2.886000000000002452e-01 5.287324930662204519e-12
2.888000000000002232e-01 5.274296442675449995e-12
2.891000000000002457e-01 5.254830704212988921e-12
2.894000000000002681e-01 5.235456885105388271e-12
2.897000000000002906e-01 5.216174456687103485e-12
2.900000000000003131e-01 5.196982893876188452e-12
2.903000000000002245e-01 5.177881675146332919e-12
2.906000000000002470e-01 5.158870282499136600e-12
2.909000000000002695e-01 5.139948201436645809e-12
2.912000000000002919e-01 5.121114920934120312e-12
2.915000000000003144e-01 5.102369933413032023e-12
2.918000000000002259e-01 5.083712734714322187e-12
2.921000000000002483e-01 5.065142824071865365e-12
2.924000000000002708e-01 5.046659704086202406e-12
2.926000000000002488e-01 5.034385597010933786e-12
2.929000000000002712e-01 5.016046031849316738e-12
2.932000000000002937e-01 4.997791947207688433e-12
2.935000000000003162e-01 4.979622857809788362e-12
2.938000000000002276e-01 4.961538281626347689e-12
2.941000000000002501e-01 4.943537739850067036e-12
2.944000000000002726e-01 4.925620756870845498e-12
2.947000000000002951e-01 4.907786860251188173e-12
2.950000000000003175e-01 4.890035580701841490e-12
2.953000000000002290e-01 4.872366452057651495e-12
2.956000000000002514e-01 4.854779011253605500e-12
2.959000000000002739e-01 4.837272798301112029e-12
2.962000000000002964e-01 4.819847356264461720e-12
2.964000000000002744e-01 4.808275043362563174e-12
2.967000000000002968e-01 4.790983212324262576e-12
2.970000000000002638e-01 4.773770948455048665e-12
2.973000000000002307e-01 4.756637805815087136e-12
2.976000000000002532e-01 4.739583341410276821e-12
2.979000000000002757e-01 4.722607115169867354e-12
2.982000000000002982e-01 4.705708689924228681e-12
2.985000000000002651e-01 4.688887631382848389e-12
2.988000000000002321e-01 4.672143508112493000e-12
2.991000000000002546e-01 4.655475891515568801e-12
2.994000000000002770e-01 4.638884355808666035e-12
2.997000000000002995e-01 4.622368478001284853e-12
3.000000000000002665e-01 4.605927837874751095e-12
